4 0.732421875 0.28257355624999997 0.732421875 0.23865020625 0.71484375 0.1976550796875 0.6884765625 0.163980509375 0.6572265625 0.1610522859375 0.6455078125 0.152267615625 0.5947265625 0.187406296875 0.560546875 0.23279375937500002 0.548828125 0.267932440625 0.548828125 0.300142896875 0.54296875 0.3382098015625 0.546875 0.3587073640625 0.5830078125 0.4070230515625 0.6162109375 0.4304488375 0.63671875 0.43191294999999996 0.6806640625 0.424592390625 0.693359375 0.40848716406249996 0.7265625 0.311855790625 0.732421875 0.28257355624999997
4 0.640625 0.69545305625 0.640625 0.663242596875 0.634765625 0.639816809375 0.623046875 0.616391021875 0.6005859375 0.585644678125 0.5458984375 0.5710035609374999 0.4990234375 0.6090704640625 0.470703125 0.64567325625 0.45703125 0.686668384375 0.451171875 0.7657304171875 0.4677734375 0.7964767609375001 0.5068359375 0.8404001125 0.5244140625 0.8491847828125 0.5546875 0.8477206718750001 0.5849609375 0.8433283359375 0.6015625 0.824294884375 0.6328125 0.7335199578125 0.640625 0.69545305625
4 0.923828125 0.49047741875 0.916015625 0.461195184375 0.8837890625 0.40995127499999995 0.8271484375 0.3953101578125 0.8154296875 0.40995127499999995 0.7763671875 0.4392335078125 0.751953125 0.472908078125 0.740234375 0.508046759375 0.73828125 0.5548983328125 0.732421875 0.5841805671875 0.7431640625 0.6119986875000001 0.7763671875 0.652993815625 0.7998046875 0.67056315625 0.85546875 0.67202726875 0.8720703125 0.664706709375 0.8828125 0.651529703125 0.916015625 0.5578265546875001 0.923828125 0.49047741875
4 0.431640625 0.45826695937500006 0.423828125 0.42020005625 0.3974609375 0.37481259375 0.3818359375 0.36309969999999997 0.3525390625 0.36017147656250004 0.3427734375 0.35138680624999996 0.2900390625 0.3894537109375 0.259765625 0.428984725 0.24609375 0.46705163125000004 0.24609375 0.505118534375 0.240234375 0.5373289921875 0.244140625 0.5578265546875001 0.2880859375 0.6149269109375 0.3115234375 0.629568028125 0.337890625 0.631032140625 0.3759765625 0.62371158125 0.390625 0.607606353125 0.419921875 0.5256160984375 0.431640625 0.45826695937500006
4 0.21484375 0.288430003125 0.21484375 0.2503631 0.197265625 0.20643974843750001 0.1787109375 0.1786216265625 0.1220703125 0.1610522859375 0.0732421875 0.199119190625 0.041015625 0.24450665312500003 0.03125 0.276717109375 0.025390625 0.3557791421875 0.0400390625 0.3835972640625 0.0732421875 0.424592390625 0.1005859375 0.4392335078125 0.130859375 0.437769396875 0.1591796875 0.43337706093749995 0.173828125 0.42020005625 0.20703125 0.3264969078125 0.21484375 0.288430003125
4 0.3662109375 0 0.353515625 0.0161052296875 0.33984375 0.051243909374999994 0.3359375 0.06881325 0.3359375 0.1127366 0.33203125 0.12444949375 0.333984375 0.1449470578125 0.3701171875 0.1961909671875 0.3896484375 0.21376030781250002 0.4091796875 0.22254497812500001 0.453125 0.22108086718750003 0.4716796875 0.21376030781250002 0.48046875 0.2035115265625 0.513671875 0.109808378125 0.521484375 0.07174147187499999 0.521484375 0.0307463453125 0.515625 0.0102487828125 0.5068359375 0 0.3662109375 0
4 1 0.07759791875 0.98046875 0.0366027921875 0.9638671875 0.0146411171875 0.9052734375 0 0.8525390625 0.043923351562500004 0.828125 0.08052614375 0.818359375 0.1127366 0.8125 0.1947268546875 0.8447265625 0.243042540625 0.8681640625 0.266468328125 0.8837890625 0.2752529984375 0.931640625 0.27378888749999997 0.9521484375 0.266468328125 0.9609375 0.25621954687500004 0.986328125 0.1859421859375 1 0.13323416562499998 1 0.07759791875
4 0.8115234375 0.8140461015625 0.7548828125 0.799404984375 0.6982421875 0.8491847828125 0.6796875 0.8770029062500001 0.671875 0.8975004671875 0.6640625 0.9707060546875 0.6640625 0.9882753937500001 0.6708984375 0.998524175 0.830078125 0.9970600624999999 0.84765625 0.9443520421875 0.8515625 0.8916440203124999 0.845703125 0.868218234375 0.8115234375 0.8140461015625
4 0.4697265625 0.9311750375000001 0.4482421875 0.9311750375000001 0.4287109375 0.9223903671875 0.3837890625 0.9575290484375 0.353515625 0.9970600624999999 0.3583984375 1 0.45703125 0.9999882875000001 0.5166015625 0.998524175 0.517578125 0.9941318406249999 0.4853515625 0.9399597078124999 0.4697265625 0.9311750375000001
4 0.28515625 0.79501265 0.28125 0.7774433109375 0.2490234375 0.7232711765625 0.1904296875 0.7057018359375 0.1396484375 0.7466969640625 0.109375 0.7920844265625 0.099609375 0.83015133125 0.1015625 0.8447924468749999 0.095703125 0.9033569140625 0.1435546875 0.9692419421875 0.1708984375 0.9838830578125 0.216796875 0.982418946875 0.2353515625 0.9750983890624999 0.24609375 0.9589931609375 0.28125 0.85357711875 0.28515625 0.79501265
4 0 0.7481610765625 0.00390625 0.7481610765625 0.0107421875 0.743768740625 0.0205078125 0.7466969640625 0.029296875 0.7335199578125 0.029296875 0.7247352890625 0.060546875 0.639816809375 0.0703125 0.5871087890625 0.068359375 0.5548983328125 0.0546875 0.5226878734375 0.0419921875 0.5007262 0.0205078125 0.483156859375 0 0.484620971875 0 0.7481610765625
4 0.927734375 0.79501265 0.927734375 0.82722310625 0.921875 0.868218234375 0.9296875 0.8887157984374999 0.9619140625 0.9311750375000001 0.9833984375 0.948744378125 1 0.9531367140624999 0.9990234375 0.69398894375 0.9599609375 0.7261993999999999 0.939453125 0.7569457453124999 0.927734375 0.79501265