4 0.745695596875 0.58970898125 0.7135440171874999 0.585596471875 0.6759556734375 0.5749232125 0.655222925 0.5761815078125 0.60447351875 0.605859709375 0.578773009375 0.6358092484375 0.5758801484375 0.6559678890625 0.5801199875 0.7005002109375 0.59530965625 0.7151513453125 0.689446853125 0.7604293265625001 0.718266584375 0.7699809921874999 0.762109646875 0.7755889609375 0.804256775 0.7633840000000001 0.83971019375 0.7415248453125 0.8448142828125 0.7108959296874999 0.8544008546875 0.70039148125 0.8228708812500001 0.6455255875 0.7799520906249999 0.6058213968749999 0.745695596875 0.58970898125
4 0.3341323859375 0.44517569375 0.2556238484375 0.42926833125 0.2237749328125 0.4418129796875 0.17720534375000002 0.4749584890625 0.16720979687499998 0.4912759578125 0.1665581765625 0.5214968359375 0.1688294265625 0.5520915750000001 0.186669315625 0.5709919218749999 0.27509709843749997 0.6135845 0.3125491109375 0.626195434375 0.34470069375 0.63030794375 0.368492640625 0.6274858375 0.392693565625 0.6188507109375 0.4249514578125 0.600493040625 0.4433829453125 0.5481074968749999 0.408657453125 0.49674308749999996 0.3740982953125 0.46397351093749994 0.3341323859375 0.44517569375
4 0.4460306078125 0.7410246171875 0.417210878125 0.7314729515625 0.3886938125 0.7385784453124999 0.3454560734375 0.7662847953124999 0.3262829328125 0.7872936937499999 0.3209362015625 0.8423304640625 0.3270846078125 0.8597353515625 0.339487734375 0.872074946875 0.430702059375 0.9169790656249999 0.4973827828125 0.93332864375 0.527156796875 0.92931659375 0.5805564203125 0.9038876046875 0.599124234375 0.8495643890625001 0.5853278359375 0.8360690234374999 0.5588256515625 0.7935769031250001 0.5269167109375 0.7650565390625 0.4926602171875 0.7489441234374999 0.4460306078125 0.7410246171875
4 0.568070928125 0.2639467625 0.5300736078125 0.2590865234375 0.4983310046875 0.24916099374999998 0.47759825781250004 0.2504192890625 0.41753493593749996 0.2867265921875 0.4012846671875 0.3081093546875 0.397982828125 0.33408101874999996 0.4026316453125 0.3728003171875 0.4176849890625 0.3893891265625 0.49748048125000005 0.4289224390625 0.5638885578124999 0.4491473640625 0.6024311828125 0.4462569078125 0.6495760859375 0.42589321093750004 0.6623581781250001 0.41188727968750005 0.6673259421875 0.3831960375 0.6767761859375 0.37462926093750004 0.64245966875 0.31745183125 0.6051139703125 0.2823707171875 0.568070928125 0.2639467625
4 0.694544878125 0.0591964765625 0.665755159375 0.0701773171875 0.622517421875 0.0978836703125 0.6059945015625 0.1231417796875 0.60534288125 0.15336265625 0.6077504593749999 0.18201972187499998 0.61988093125 0.1982346640625 0.7110952562499999 0.2431387828125 0.748547275 0.2557497171875 0.7865445953125 0.260609953125 0.83161459375 0.2487788578125 0.8606769671875 0.23392266875 0.8821676515625001 0.1799733171875 0.8475784828125 0.126671234375 0.8045233656249999 0.08890471718750001 0.7730534171875 0.075103840625 0.694544878125 0.0591964765625
4 1 0.4224360734375 0.9765749421875001 0.4100438609375 0.9593103703124999 0.40392532656249996 0.9154673062500001 0.398317359375 0.9040484765624999 0.392946553125 0.8834520515625 0.392267175 0.829779778125 0.4215715125 0.8108792906250001 0.43870506249999996 0.800747415625 0.45696020624999995 0.7991415125 0.5007447984375 0.8051535921875 0.5200873609375 0.814770171875 0.5301154171875 0.9059844953124999 0.5750195359375 0.943436515625 0.5876304703125 0.98435670625 0.5928645734375 1 0.5904688984375001 1 0.4224360734375
4 0.9807928640625001 1 0.9882587609375 0.9775430453125 0.9480965031249999 0.9196178859374999 0.9132646937500001 0.8907236578125 0.8817947453125001 0.8769227796875001 0.8003633390625 0.8606415515625001 0.7498865859375 0.8864444062500001 0.72486770625 0.9067055749999999 0.7150084828125001 0.9210853718750001 0.7131299265625 0.9687453109374999 0.71900568125 0.990025546875 0.7285708546875 1 0.9807928640625001 1
4 0.182244303125 0.7806003765625 0.200812115625 0.7262771609375 0.15507676875 0.6637289234375 0.1286045921875 0.6417693109375 0.10868980156250001 0.6314015640624999 0.0361633328125 0.61430425625 0.0213859703125 0.612414084375 0.0275672125 0.7894216921874999 0.0496545125 0.799810371875 0.1019935390625 0.8104152796875 0.1257854828125 0.8075931734375 0.182244303125 0.7806003765625
4 0.023004828124999998 0.4659878078125 0.0793273203125 0.440932684375 0.08918654375 0.42655288750000003 0.09068612968749999 0.4052384765625 0.10081800468749999 0.38698333125 0.0688790546875 0.33793046250000003 0.03153335625 0.3028493484375 0.028257975 0.307318171875 0.021385196875 0.4051721921875 0.018688684375 0.46445817500000003 0.023004828124999998 0.4659878078125
4 0.143060278125 0.05904007343749999 0.0739556890625 0.09810113125 0.057432768749999995 0.123359240625 0.05569054062499999 0.16908150625 0.061702617187499996 0.18842406875 0.07702861250000001 0.201137528125 0.17979809687499998 0.24947477812500002 0.2379828625 0.260827415625 0.2557927390625 0.2591952546875 0.312115234375 0.23414013125 0.33374224531249996 0.17825310625 0.29636653125 0.12263948437500001 0.2531750875 0.086810640625 0.215859396875 0.07226203437499999 0.20110871718749998 0.07233038593749999 0.143060278125 0.05904007343749999
4 0.46050257656250004 0.0742276796875 0.49279048124999997 0.076402515625 0.5258963453125001 0.066951309375 0.548703996875 0.0571604125 0.567740809375 0.038089187499999996 0.5677107984374999 0.01755668125 0.526203890625 0.01224753125 0.3079694296875 0.007168068750000001 0.31722187968750004 0.014843306249999999 0.3259904921875 0.0159649 0.40857253125000004 0.0578097515625 0.46050257656250004 0.0742276796875
4 0.1931315578125 0.8983220859375001 0.160979978125 0.8942095765625 0.1204687625 0.8831624515625001 0.0994633609375 0.8882960953125 0.054832351562500006 0.9148466765625001 0.0357955390625 0.9339179015625 0.032903040625000005 0.942219784375 0.033181398437499995 0.9501909078124999 0.2889946984375 0.9819455015624999 0.2595696421875 0.9390795187500001 0.230310921875 0.914808365625 0.1931315578125 0.8983220859375001