4 0.23870595312499998 0.469568390625 0.270970453125 0.4686313046875 0.309067078125 0.47338232031249994 0.32962179375 0.4688803390625 0.3782291109375 0.4313474015625 0.4018876921875 0.3974678171875 0.40347377343749996 0.376920534375 0.396397028125 0.333194890625 0.3803387625 0.32097005625 0.283738759375 0.2905832453125 0.25444154375 0.285576659375 0.2104445015625 0.286854503125 0.16927815625 0.30562260625 0.13539343125 0.33296545625 0.13227818281249998 0.3642958859375 0.12341048125000001 0.3762684203125 0.158312184375 0.4260196578125 0.20357661093749999 0.4588737015625 0.23870595312499998 0.469568390625
4 0.6576094796875 0.5491691656250001 0.7367700140625 0.5527275281249999 0.767664690625 0.535234003125 0.811889375 0.4948996109375 0.8207912203125 0.47706859375 0.8195010765624999 0.4468423625 0.8152777921875 0.4167013203125 0.7963091546875 0.40065602031249997 0.705564040625 0.372051659375 0.6674788015625001 0.3653478140625 0.6352142984375 0.3662849 0.6117150640625 0.3728249 0.58818168125 0.38522338125 0.557252859375 0.4085753875 0.54226848125 0.4636805046875 0.580126084375 0.5094409 0.6166252453125 0.5366920281249999 0.6576094796875 0.5491691656250001
4 0.527257359375 0.2717955421875 0.556554578125 0.2768021296875 0.5844819703125 0.26525227500000004 0.6257393734375001 0.230861553125 0.6434747749999999 0.20691648593749998 0.6452657312500001 0.1512183078125 0.6380296375000001 0.13483225000000001 0.6248931234375 0.12447505156250001 0.5312262578125 0.0940030515625 0.4638096546875 0.08815110468750001 0.4344327640625 0.09681430937499999 0.3829150765625 0.13052678125 0.36791931718750004 0.1875847265625 0.38251670625 0.19887574375 0.411620428125 0.23708039531249997 0.4452092203125 0.260511059375 0.4803385640625 0.2712057484375 0.527257359375 0.2717955421875
4 0.43639500625 0.7664637546875 0.47452577656250006 0.7653562890625001 0.5067561296875 0.7702776859375 0.5273108453125 0.765775703125 0.5847630984375 0.7201758875000001 0.5995653640625 0.6963160109375 0.6011855890625 0.66991024375 0.594074696875 0.6320430828125 0.5780278140624999 0.61786541875 0.49607072968750004 0.5909583171875 0.4286768875 0.5812007140625 0.3905005890625 0.5901194890625 0.3448833203125 0.6178030984375 0.3330597203125 0.6337664765625 0.32995585156249996 0.663144078125 0.321099534375 0.673163784375 0.358922990625 0.7247826609375 0.3983439078125 0.7539014265625 0.43639500625 0.7664637546875
4 0.3236496609375 0.990370465625 0.351599821875 0.9749149562499999 0.392857221875 0.940524234375 0.40768225156250004 0.912758703125 0.40639210468750003 0.8825324718750001 0.4021574390625 0.8543442578124999 0.389043690625 0.8400814046875 0.2953768265625 0.8096094062500001 0.25729158281250003 0.8029055609375 0.21916081250000002 0.8040130265625001 0.17506133125 0.82286631875 0.14708840625 0.8422274812499999 0.1291595109375 0.8993706140625 0.1670057328125 0.9470838359375 0.212281540625 0.9779850515625 0.24448912812499998 0.986812103125 0.3236496609375 0.990370465625
4 0 0.6774650640625001 0.020435996875 0.6848249625 0.03801205 0.6882194796875 0.0820090921875 0.686941634375 0.09371887500000001 0.6905065312499999 0.114262209375 0.6879573765625 0.1658026625 0.65033925 0.1835153 0.6302998375 0.1924285296875 0.61051599375 0.19121805625 0.5666199703125 0.18399334375 0.5482810828125 0.1737785875 0.5397915234374999 0.080111721875 0.509319525 0.0420264765625 0.502615678125 0.0009625703124999999 0.503808334375 0 0.5041104437499999 0 0.6774650640625001
4 0 0.15347223125 0.016090935937500002 0.17242072343749998 0.0526128640625 0.19576619687500002 0.0848204515625 0.2045932484375 0.16691411875 0.208066421875 0.21549866875 0.1744391390625 0.23910034375000003 0.1503236921875 0.247990809375 0.134445503125 0.2468031015625 0.086643825 0.23958977187500002 0.0663521125 0.2293750140625 0.05786255 0.1591277109375 0.0345203453125 0.1064109328125 0.022383965625 0.0506813421875 0.02400256875 0.009503615625 0.044723496875000004 0 0.052137885937499996 0 0.15347223125
4 0.970695884375 0.16714901875 0.918001871875 0.151106984375 0.8652281828125 0.14873474375 0.8417289468750001 0.155274740625 0.7872667421874999 0.19102523124999998 0.7722709828125 0.2480831765625 0.8218042203125 0.3032669484375 0.8495608875 0.321009509375 0.8700473093750001 0.328224490625 0.943330190625 0.3339060609375 0.96092900625 0.3333949234375 0.97123481875 0.3262618625 0.970695884375 0.16714901875
4 0.9026003390625 0.529362453125 0.9024751375 0.55084355625 0.8935619078125001 0.5706274 0.9284977578125 0.61452015625 0.9640350140624999 0.64077020625 0.9710757375 0.519885665625 0.970335640625 0.4805352328125 0.965941628125 0.4796866046875 0.9114908046875 0.513484265625 0.9026003390625 0.529362453125
4 0.823773865625 0.7200678296875 0.7651339046875 0.71786596875 0.747512325 0.7222827609375 0.6930614984375 0.756080421875 0.675121221875 0.8151763828125 0.715889196875 0.86475724375 0.7611763859375 0.8937056296874999 0.7992502484374999 0.9023623015625001 0.8139273109375 0.8999835265625 0.8725558875000001 0.904138215625 0.938830315625 0.8543771765624999 0.9531565765625001 0.8275457749999999 0.95351764375 0.8213465031249999 0.9524562515625 0.78076279375 0.9452315421874999 0.76242390625 0.9291618937499999 0.7521518984375 0.823773865625 0.7200678296875
4 0.716281196875 1 0.712204846875 0.993729046875 0.71519489375 0.9838797203125 0.7020469984375 0.97547535 0.693247590625 0.9757309171875 0.6083687515625 0.946956178125 0.5556292093749999 0.9387254531250001 0.5233533312499999 0.9416153671874999 0.4910091546875 0.9562222453125001 0.46893665156250003 0.9695545453125 0.4512126328125 0.9915467859374999 0.45176912343750003 1 0.716281196875 1
4 0.801143084375 0.0744486421875 0.8421728453125 0.07911446875 0.862750328125 0.0707068328125 0.90546860625 0.0372499296875 0.9182642968750001 0.0213728390625 0.6753901703125 0.01571988125 0.7001376875 0.04516603125 0.7308161078125 0.06477622968749999 0.7688785859375 0.075385728125 0.801143084375 0.0744486421875