1 0.3554687484375 0.13909451875 0.3515625 0.1026959546875 0.2958984390625 0.0519979515625 0.1943359390625 0.028598871874999997 0.1494140609375 0.03379866875 0.0751953125 0.08839651875 0.033203125 0.162493596875 0.033203125 0.24569031875 0.10253906093750001 0.3171875015625 0.166015625 0.33148693749999997 0.2333984390625 0.3223872953125 0.2705078125 0.29638832187499997 0.302734375 0.20149205937499998 0.3554687484375 0.13909451875
1 0.9335937484375 0.3496862203125 0.8564453125 0.23399077968749998 0.8193359390625 0.2001921109375 0.7763671875 0.18459272499999999 0.6845703125 0.189792521875 0.6445312515625 0.214491546875 0.640625 0.3678855015625 0.6054687484375 0.3964843734375 0.595703125 0.4796810953125 0.6748046875 0.5459784859375 0.7617187484375 0.562877815625 0.8564453125 0.5433785875 0.9013671875 0.5121798156249999 0.939453125 0.432882940625 0.9335937484375 0.3496862203125
1 0.685546875 0.001299946875 0.7138671875 0.0701972328125 0.8076171875 0.1143954921875 0.8515625 0.11569543906249999 0.9228515609375 0.0909964125 0.9570312515625 0.040298412500000005 0.9609375 0.001299946875 0.685546875 0.001299946875
1 0.806640625 0.9866611187500001 0.8095703125 0.99836065625 1 0.9970607078124999 0.9990234390625 0.8579661906249999 0.9091796875 0.8683657765625 0.8408203125 0.9255635249999999 0.806640625 0.9866611187500001
1 0.1328125 0.487480790625 0.0205078125 0.4237832984375 0 0.42768314375000005 0.005859375 0.8046682890625 0.07910156093750001 0.7279713109375 0.15625 0.617475665625 0.150390625 0.5472784328125 0.1328125 0.487480790625
1 0.2744140609375 0.3041880125 0.2470703125 0.319787396875 0.2070312515625 0.3782850921875 0.177734375 0.466681609375 0.173828125 0.510879865625 0.185546875 0.5784772031250001 0.1953125 0.583676996875 0.2421875 0.5316790453125 0.25 0.4302830421875 0.267578125 0.3730852984375 0.2744140609375 0.3041880125
1 0.0009765609375 0.155993853125 0.001953125 0.347086321875 0.0234375 0.28728867812500003 0.025390625 0.23789062656249998 0.017578125 0.1884925703125 0.0009765609375 0.155993853125
1 0.603515625 0.3912845796875 0.638671875 0.3626857078125 0.646484375 0.014299435937499999 0.5947265609375 0.010399590625 0.4794921875 0.031198770312500002 0.4462890609375 0.07279713125000001 0.3623046875 0.135194671875 0.302734375 0.2092917515625 0.28125 0.2716892921875 0.2695312515625 0.3704854 0.251953125 0.4302830421875 0.234375 0.6382748453125 0.2773437484375 0.6980724890625 0.3164062515625 0.8124679796875001 0.3388671875 0.8423668031249999 0.4287109390625 0.9099641374999999 0.5712890609375 0.9931608593749999 0.6445312515625 0.994460809375 0.6328125 0.635674946875 0.595703125 0.562877815625 0.5859375 0.4978803796875 0.603515625 0.3912845796875
1 0.6591796875 0.0129994890625 0.6484375 0.022099128125 0.642578125 0.0818967734375 0.640625 0.1754930859375 0.650390625 0.19109246875000002 0.6679687484375 0.185892675 0.6914062515625 0.10529584843749999 0.685546875 0.053297898437500005 0.6591796875 0.0129994890625
1 0.4101562515625 0.0584976953125 0.4101562515625 0.079296875 0.419921875 0.08449666875 0.4794921875 0.028598871874999997 0.6328125 0.001299946875 0.4365234390625 0 0.4101562515625 0.0584976953125
1 0.6533203125 0.010399590625 0.640625 0.1832927765625 0.6601562515625 0.19109246875000002 0.681640625 0.1546939046875 0.6914062515625 0.0974961578125 0.685546875 0.053297898437500005 0.6533203125 0.010399590625