4 0.1806640609375 0.181640625 0.12207031093750001 0.1611328125 0.044921875 0.2387695328125 0.029296875 0.3530273421875 0.07519531093750001 0.421875 0.126953125 0.4379882828125 0.17578125 0.4145507828125 0.212890625 0.3002929671875 0.21484375 0.2563476578125 0.1806640609375 0.181640625
4 0 0.7456054671875 0.0078125 0.7456054671875 0.029296875 0.7280273421875 0.068359375 0.6020507828125 0.064453125 0.5434570328125 0.020507810937500003 0.4833984375 0 0.4848632828125 0 0.7456054671875
4 0.2451171890625 0.720703125 0.1923828109375 0.7060546875 0.11328125 0.7866210921875 0.099609375 0.8950195328125 0.1611328109375 0.978515625 0.216796875 0.9799804671875 0.244140625 0.9624023421875 0.27734375 0.8686523421875 0.28515625 0.7954101578125 0.2451171890625 0.720703125
4 0.3955078109375 0.3720703125 0.3408203109375 0.3515625 0.263671875 0.4233398421875 0.248046875 0.4672851578125 0.244140625 0.5405273421875 0.2958984390625 0.6181640625 0.34765625 0.6284179671875 0.390625 0.6079101578125 0.42578125 0.5024414078125 0.4296875 0.4379882828125 0.3955078109375 0.3720703125
4 0.3681640609375 0 0.345703125 0.036621092187499996 0.3359375 0.11279296718750001 0.345703125 0.1567382828125 0.3896484390625 0.2109375 0.4296875 0.2211914078125 0.4697265609375 0.2138671875 0.486328125 0.1889648421875 0.521484375 0.06884765781249999 0.5087890609375 0 0.3681640609375 0
4 0.732421875 0.2387695328125 0.6982421890625 0.1728515625 0.6416015609375 0.15234375 0.564453125 0.2270507828125 0.55078125 0.2680664078125 0.546875 0.3413085921875 0.6025390609375 0.421875 0.6484375 0.4291992171875 0.6806640609375 0.421875 0.697265625 0.3969726578125 0.728515625 0.3032226578125 0.732421875 0.2387695328125
4 0.6064453109375 0.591796875 0.5537109390625 0.5712890625 0.474609375 0.6401367171875 0.455078125 0.7338867171875 0.458984375 0.7749023421875 0.4833984390625 0.8115234375 0.5205078109375 0.8466796875 0.548828125 0.8481445328125 0.599609375 0.8276367171875 0.640625 0.6928710921875 0.634765625 0.6401367171875 0.6064453109375 0.591796875
4 0.35546875 0.9975585921875 0.517578125 0.9975585921875 0.4892578109375 0.943359375 0.4365234390625 0.9228515625 0.3837890609375 0.9580078125 0.35546875 0.9975585921875
4 0.7568359390625 0.7998046875 0.6962890609375 0.8525390625 0.671875 0.9008789078125 0.6708984390625 0.9990234375 0.830078125 0.9975585921875 0.8515625 0.8950195328125 0.8359375 0.8481445328125 0.8056640609375 0.8115234375 0.7568359390625 0.7998046875
4 1 0.8247070328125 0.986328125 0.7895507828125 0.9990234390625 0.6943359375 0.939453125 0.7602539078125 0.927734375 0.8686523421875 0.9677734390625 0.931640625 1 0.9506835921875 1 0.8247070328125
4 0.921875 0.4790039078125 0.8857421890625 0.4130859375 0.8310546890625 0.3955078125 0.75390625 0.4702148421875 0.736328125 0.5815429671875 0.7939453109375 0.6650390625 0.857421875 0.6694335921875 0.8779296890625 0.6591796875 0.89453125 0.6196289078125 0.919921875 0.5375976578125 0.921875 0.4790039078125
4 0.9560546890625 0.0087890625 0.9052734390625 0.0029296875 0.83203125 0.07470703281249999 0.81640625 0.1889648421875 0.8642578109375 0.2607421875 0.91796875 0.2739257828125 0.9609375 0.2563476578125 0.998046875 0.1420898421875 1 0.07763671718750001 0.9560546890625 0.0087890625