4 0.7629503125 0.2547342921875 0.8398596171875001 0.22808699375 0.8644047671875 0.17178071875 0.79233876875 0.0873076421875 0.6794492296875 0.06046573125 0.6075675687500001 0.09935825000000001 0.58788309375 0.14929321874999998 0.6078574234375 0.2002185125 0.71924829375 0.24844885468750003 0.7629503125 0.2547342921875
4 0.5500088062499999 0.03883751875 0.54997808125 0.0182765875 0.517460378125 0.015056559375 0.295073903125 0.0085857734375 0.3053627109375 0.0234222484375 0.42830753593750004 0.074754603125 0.48703104062499997 0.0766538421875 0.5500088062499999 0.03883751875
4 0.2202961890625 0.2714827921875 0.2976142234375 0.23900228750000002 0.3159055421875 0.18795041562499998 0.24105323906249998 0.10124353281250001 0.133872553125 0.07692483125 0.0462881953125 0.12992556093750002 0.0409439921875 0.185196346875 0.056571893750000005 0.2141544015625 0.147777390625 0.256470125 0.2202961890625 0.2714827921875
4 0.502741778125 0.44042003125000007 0.5667654125 0.45067568593749996 0.6349070640625001 0.42316018125 0.659179728125 0.3707427125 0.592958834375 0.286848440625 0.5502105125 0.2669521828125 0.47741922812500004 0.25582832187500004 0.396361184375 0.29968584531250003 0.382521815625 0.350199615625 0.39998232031250003 0.395002296875 0.502741778125 0.44042003125000007
4 1 0.4267648484375 0.9730133453124999 0.406714459375 0.8977082375000001 0.3894679875 0.8531887546875 0.39484896875 0.7960560937500001 0.4332440984375 0.78303418125 0.4720914484375 0.7875475749999999 0.5126752156250001 0.81123119375 0.5316625625 0.9286034031250001 0.5785273078125 0.9981689312500001 0.5726896375 1 0.5465574140625 1 0.4267648484375
4 0.565332203125 0.702123184375 0.58901581875 0.7211105296875 0.6803575578125 0.7614818484375 0.7443811921875 0.7717375046875 0.8125228437500001 0.744222003125 0.8369317515624999 0.6898601265625001 0.767788303125 0.605676453125 0.7278262921875001 0.5880140015624999 0.6550350093749999 0.5768901390625001 0.570781928125 0.6243470624999999 0.5602738390625001 0.6693170296875001 0.565332203125 0.702123184375
4 0.166212990625 0.5813482546875 0.29778922812499997 0.63549321875 0.35080387343749997 0.63486925 0.40100148750000003 0.611450540625 0.4251379078125 0.560977478125 0.36197580937499996 0.475428203125 0.2698166109375 0.44672330000000005 0.2286284109375 0.4465604765625 0.190393484375 0.46724798749999996 0.1527342546875 0.500718815625 0.14929745156250002 0.528767959375 0.166212990625 0.5813482546875
4 0.082606384375 0.40958503124999995 0.0512143375 0.35361331875 0.0137354265625 0.321512546875 0.002427246875 0.4828979984375 0.058469964062500004 0.46005809375 0.082606384375 0.40958503124999995
4 0 0.8000600515625 0.0814189546875 0.8255199921875 0.1292697140625 0.8145952015625 0.1679133703125 0.78807448125 0.1830096515625 0.74062201875 0.134627271875 0.67513628125 0.08810821875 0.646056109375 0 0.636449696875 0 0.8000600515625
4 0.0155360140625 0.967795978125 0.1412057 0.9802402734375001 0.17723001249999998 0.9701022796875 0.2713273390625 0.992146471875 0.2097253578125 0.9263306281249999 0.102408434375 0.9039563296875001 0.0367806046875 0.9375944453124999 0.0155360140625 0.967795978125
4 0.35314139375 0.8955006671874999 0.433201659375 0.9288811671874999 0.491516434375 0.9366136140625001 0.5597943296875 0.9071537109375001 0.5811444421874999 0.8544468390625 0.5120009984375 0.7702631625 0.40217025 0.7417662515625 0.31485837656250004 0.790878175 0.30604665 0.8536371718750001 0.3148450234375 0.8750663125000001 0.35314139375 0.8955006671874999
4 0.9614117359375 1 0.967589028125 0.9671140515625 0.9010956453125001 0.88710858125 0.7882061078125 0.8602666703124999 0.7132656515625 0.9008141890625 0.6963674859375 0.9529829640624999 0.7109054421875001 0.99749624375 0.7166880171875001 1 0.9614117359375 1