4 0.750854825 0.26300774374999997 0.8270763390625 0.235431475 0.8502896078125 0.1787704125 0.7763213062500001 0.09503430625 0.6629065078124999 0.0694755125 0.5919931640625 0.10925333749999999 0.5734880296875 0.1594786640625 0.5946298359375 0.21023325312500002 0.707045009375 0.2572240390625 0.750854825 0.26300774374999997
4 0.533076715625 0.0493296953125 0.5325675546874999 0.028744040625 0.508727540625 0.026661281250000002 0.2720709125 0.0142586328125 0.2882872328125 0.03674725625 0.4123183734375 0.0867091640625 0.4710343859375 0.087926228125 0.533076715625 0.0493296953125
4 0.209068084375 0.2861019421875 0.285562225 0.252680584375 0.302649440625 0.20135323125000001 0.22584530625000002 0.1154130734375 0.11819305 0.0923140203125 0.031919139062500004 0.1464003015625 0.02786581875 0.2018008 0.044153835937500004 0.23061201874999998 0.13626376406250001 0.271916253125 0.209068084375 0.2861019421875
4 0.49519632812500003 0.4519530234375 0.559402265625 0.46147491875 0.6268436390625001 0.4331315796875 0.64987515625 0.38036724375 0.5817602843749999 0.2971425171875 0.5385865921875 0.2777202703125 0.4656005203125 0.26743130625 0.38563440937500004 0.3122871546875 0.3729827046875 0.3630238578125 0.3914704234375 0.40767766875 0.49519632812500003 0.4519530234375
4 0.7880854859374999 0.4413494171875 0.7759790328125 0.4803959421875 0.7814328609375 0.5209766046875 0.8055374796875 0.5397110515625 0.9238969453125 0.5852648546875 0.9932653984375 0.5786091953125 0.99408041875 0.5611353125 0.9955451609375 0.43525576875 0.9642696234375 0.41272477500000004 0.8886294625 0.39633503281250004 0.8442743859374999 0.40224150468750003 0.7880854859374999 0.4413494171875
4 0.563821634375 0.7132458453125 0.5879262484375001 0.7319802921874999 0.680127053125 0.7713361640625 0.744332990625 0.7808580593750001 0.8117743640624999 0.7525147234375 0.83489675625 0.6978020218750001 0.7638551703124999 0.6143216046875 0.7235173171875 0.5971034109375 0.6505312453125 0.5868144484375 0.5674566703124999 0.6353113296874999 0.55800430625 0.6804586359375 0.563821634375 0.7132458453125
4 0.1622432234375 0.5969757890625 0.29496363125 0.649653128125 0.34791709531250004 0.64841045 0.3975255609375 0.6243780640625001 0.4204662 0.57356209375 0.35536891875 0.48864468906249997 0.262622859375 0.46097899687500005 0.2214671234375 0.46129607031250003 0.183747259375 0.4824544890625 0.146900059375 0.5164051078125 0.1441190015625 0.5445285265625001 0.1622432234375 0.5969757890625
4 0 0.4987499265625 0.05177254375 0.47679354687500003 0.0747131828125 0.4259775765625 0.0420462765625 0.3703035 0.0038533515625000002 0.33860043125 0 0.42121559218750004 0 0.4987499265625
4 0 0.8175125828124999 0.083205828125 0.84243375 0.1307602453125 0.8309378781250001 0.1687527359375 0.80393436875 0.1827314859375 0.7562480578125 0.132867803125 0.69124639375 0.085712984375 0.66267298125 0 0.65432923125 0 0.8175125828124999
4 0.2700016703125 1 0.21374521406250002 0.9418717984375 0.1060020890625 0.9207211093750001 0.0412147984375 0.9551652265625 0.0206917125 0.98565123125 0.14654037343749998 0.9966458812500001 0.1822970625 0.9860756140625 0.245051915625 1 0.2700016703125 1
4 0.3563175890625 0.9093325468750001 0.4370841671875 0.941820571875 0.49552755312499996 0.9488827234375 0.563059803125 0.9185910265624999 0.5831646078125 0.8655709999999999 0.5121230234375 0.7820905812500001 0.40172580937499996 0.7548391140625 0.31563364531250004 0.8050286671875 0.3082901109375 0.86796693125 0.317579409375 0.88931965625 0.3563175890625 0.9093325468750001
4 0.9676097921875 1 0.9718908781250001 0.9738711859375 0.9035942531250001 0.8945431796875001 0.7901794515625 0.8689843875 0.7162485203125 0.9104548843750001 0.700579221875 0.9628842640625 0.7135878421874999 1 0.9676097921875 1