4 0.4296875 0.4413593265625 0.3955078125 0.37244275625 0.3369140625 0.3519144140625 0.2783203125 0.4017689546875 0.2597656234375 0.429628846875 0.2480468765625 0.4648202890625 0.2441406234375 0.5440010328125 0.2958984375 0.6187828468750001 0.3457031234375 0.629047015625 0.3662109375 0.6275807062500001 0.390625 0.608518675 0.421875 0.5176074500000001 0.4296875 0.4413593265625
4 0.21484375 0.2507390203125 0.1748046875 0.1759572078125 0.1201171875 0.1612941078125 0.046875 0.2331433 0.033203123437499996 0.26833474218750003 0.02734375 0.34458286562499996 0.033203123437499996 0.3680438265625 0.0712890625 0.419364678125 0.0947265625 0.436960396875 0.1269531234375 0.438426709375 0.1494140625 0.436960396875 0.17578125 0.4149657484375 0.20703125 0.324054521875 0.21484375 0.2507390203125
4 0.06835937656249999 0.5557315140625 0.046875 0.5088095921875 0.0107421875 0.48094970000000004 0 0.48241600937499995 0.00390625 0.7463518203125 0.0292968765625 0.7316887203125 0.05859375 0.6466427359375 0.0703125 0.58212509375 0.06835937656249999 0.5557315140625
4 0.2529296875 0.7272897890625 0.1943359375 0.703828828125 0.1455078125 0.7419528890625 0.11523437656249999 0.7815432609374999 0.10351562343750001 0.813802084375 0.09960937656249999 0.895915446875 0.109375 0.9223090265625 0.1474609375 0.9677646390625 0.1708984375 0.9824277421875 0.19921875 0.9809614296875001 0.2421875 0.9662983296875 0.2792968765625 0.8607240062500001 0.28515625 0.7962063640625 0.2529296875 0.7272897890625
4 0.5214843765625 0.0307925109375 0.5107421875 0.00293261875 0.3662109375 0 0.3496093765625 0.0249272703125 0.33984375 0.05718609375 0.3378906234375 0.14223207499999999 0.3818359375 0.2052834078125 0.4277343765625 0.2214128203125 0.4736328125 0.21114864843749998 0.4863281234375 0.189153996875 0.5214843765625 0.0718491921875 0.5214843765625 0.0307925109375
4 0.7324218765625 0.239008540625 0.6962890625 0.1700919671875 0.6396484375 0.15249624687500002 0.5869140625 0.19648555 0.5625 0.230210678125 0.55078125 0.26833474218750003 0.546875 0.34165024375 0.5625 0.376841684375 0.5966796875 0.41643205781250003 0.6220703125 0.431095159375 0.64453125 0.429628846875 0.6845703125 0.419364678125 0.6953125 0.40323526718749997 0.7285156234375 0.3035261828125 0.7324218765625 0.239008540625
4 0.640625 0.66423845625 0.6044921875 0.5894566421875 0.5439453125 0.571860925 0.4707031234375 0.6466427359375 0.4589843765625 0.6818341765625 0.453125 0.7492844421875 0.4589843765625 0.7756780203125 0.5048828125 0.8357967328125 0.5224609375 0.8475272125 0.55859375 0.8460609031249999 0.5908203125 0.8387293546875 0.6015625 0.8255325640625 0.6328125 0.7346213390624999 0.640625 0.66423845625
4 0.35546875 0.992691909375 0.5175781234375 0.9985571500000001 0.4873046875 0.9413710578125001 0.4345703125 0.9208427171875 0.3857421875 0.9560341593749999 0.35546875 0.992691909375
4 0.8095703125 0.8123357718750001 0.7587890625 0.7976726734375 0.7021484375 0.8445945953124999 0.6738281234375 0.8929828265624999 0.6640625 0.9750961890625 0.6728515625 1 0.828125 0.9985571500000001 0.84375 0.960433090625 0.8515625 0.8929828265624999 0.8378906234375 0.8519261437500001 0.8095703125 0.8123357718750001
4 0.9316406234375 0.7874085015625 0.9277343765625 0.8695218656250001 0.9716796875 0.9355058203125 1 0.951635228125 0.9990234375 0.6950309671875 0.9619140625 0.724357171875 0.94140625 0.75514968125 0.9316406234375 0.7874085015625
4 0.9199218765625 0.47068552812500003 0.8896484375 0.41643205781250003 0.8388671875 0.3959037171875 0.7841796875 0.431095159375 0.7519531234375 0.47361814999999996 0.7363281234375 0.564529371875 0.7441406234375 0.6055860546875 0.7666015625 0.6363785640625 0.7998046875 0.6686373875 0.8261718765625 0.67303631875 0.8808593765625 0.655440596875 0.9160156234375 0.5557315140625 0.9238281234375 0.5088095921875 0.9199218765625 0.47068552812500003
4 1 0.0777144328125 0.9638671875 0.0146630984375 0.9072265625 0 0.8525390625 0.043989303125000004 0.8300781234375 0.0777144328125 0.8183593765625 0.1187711140625 0.8144531234375 0.186221378125 0.828125 0.2184801984375 0.8662109375 0.26393581093749996 0.91796875 0.27419998125 0.9609375 0.2566042609375 1 0.133434215625 1 0.0777144328125