4 0.4013460953125 0.3338257703125 0.40042142812500003 0.3543217609375 0.4165246296875 0.3813312609375 0.5032167140625 0.42592647968749997 0.5780625640625 0.4451405796875 0.650500778125 0.4217343234375 0.6776999984375001 0.3668992296875 0.63497330625 0.301457721875 0.60944895 0.27891528125 0.575846825 0.2620263515625 0.49763378437499994 0.24623222500000003 0.417327159375 0.2861332046875 0.4013460953125 0.3338257703125
4 0.6213300562499999 0.114644803125 0.616130975 0.14628458125 0.6149795046875 0.1687115265625 0.6337694765624999 0.19809391406250001 0.7204615640625 0.242689134375 0.7923938328125 0.26146129687499997 0.8713396234375 0.233146046875 0.892258071875 0.1812889921875 0.829380571875 0.098050825 0.7960052546874999 0.0792309359375 0.7209325984375 0.06194779375 0.69694354375 0.0642051828125 0.641533196875 0.094124953125 0.6213300562499999 0.114644803125
4 0.5063919484375 0.07067859843749999 0.5555040828125 0.05650904062499999 0.587378990625 0.02498475625 0.58716963125 0.014143540625000001 0.5287176671875 0.0061521875 0.33541532812499997 0.0039029109375000003 0.33611327812499997 0.005543478125 0.41720500781250003 0.047323875 0.479942928125 0.068632146875 0.5063919484375 0.07067859843749999
4 0.070558825 0.10775232500000001 0.0687269375 0.1359721296875 0.0783051171875 0.180662796875 0.1788846828125 0.23326055 0.24230301875000002 0.24877595624999999 0.31451443125 0.22730065625 0.34462723125 0.17290749375 0.3124208296875 0.11888849531250001 0.2766029875 0.082992596875 0.2459144421875 0.06654559531250001 0.16478782187500002 0.050309540625 0.1374315796875 0.055986904687500005 0.0878483890625 0.0867905421875 0.070558825 0.10775232500000001
4 1 0.42821430781250003 0.9701745453124999 0.41421001406249996 0.8859075421875 0.3994629765625 0.8181624578125 0.43340787187499996 0.796807840625 0.476354665625 0.8016754453124999 0.5232788609375 0.8220530578125 0.5391445671875 0.9345137484375 0.5915791031250001 0.9753038625 0.5977661765625 1 0.5922834578125 1 0.42821430781250003
4 0.583436128125 0.613993615625 0.565919759375 0.636886353125 0.5647682890625 0.6593132953125 0.57031630625 0.7004446296875 0.5850935640625 0.7134955140625 0.6802995828125 0.7613474890624999 0.7439447234375 0.7749319453125 0.816609746875 0.7495947328125 0.8406685796875 0.6962486609375 0.8030886296874999 0.637483884375 0.7724175328125 0.6082647140625 0.735901828125 0.5909338484375 0.6635159484375001 0.5760235921875 0.62673855 0.5861680218750001 0.583436128125 0.613993615625
4 0.16375852500000002 0.47565307187499994 0.1610194140625 0.5115966937499999 0.16456107343749998 0.5445622765625 0.17642475156249998 0.557171228125 0.2631168359375 0.6017664468749999 0.33213552812499997 0.620096678125 0.41062770937500004 0.5956433359375 0.43514014999999995 0.5384353515625 0.3693490734375 0.45475524843750004 0.3357469484375 0.43786631875 0.26941502968750003 0.421908975 0.2425124 0.42372443593750003 0.1774540921875 0.46004221718749994 0.16375852500000002 0.47565307187499994
4 0.1011252734375 0.377711778125 0.0718324515625 0.3241347109375 0.038928190625 0.2886807453125 0.014276184375 0.4480660890625 0.07460647031249999 0.426754009375 0.1011252734375 0.377711778125
4 0.1858459234375 0.7168114265625001 0.1458060046875 0.6537428078125 0.1010206203125 0.618452059375 0.0205744171875 0.596423140625 0.0139116171875 0.5976997984375 0.018092165625 0.777313221875 0.08038133125 0.794168909375 0.1227590859375 0.7868393015625 0.1653810890625 0.764806571875 0.1858459234375 0.7168114265625001
4 0.17597117812500002 0.88924765625 0.0948445578125 0.8730116015625 0.0241858921875 0.9065145625 0.0211916234375 0.91047855625 0.021752546875 0.9345781015625001 0.259924153125 0.9697865015625 0.23509765468750002 0.9286790281249999 0.2068865265625 0.903763703125 0.17597117812500002 0.88924765625
4 0.3092805171875 0.776806559375 0.301848275 0.80221154375 0.31297920156250003 0.8589298703124999 0.4079584140625 0.908712796875 0.453668465625 0.92350755625 0.491998615625 0.925390790625 0.5494153203125001 0.9036367734375 0.5757073187499999 0.856525496875 0.5470949125 0.7971555671874999 0.508590296875 0.7588867765625 0.4200837734375 0.72973919375 0.37838643437499997 0.7312759359375 0.3451855875 0.7488416078125 0.3092805171875 0.776806559375
4 0.9547220046874999 1 0.9611023875000001 0.983769971875 0.9237492406250001 0.9230742421875 0.8928513375 0.8957860249999999 0.8534220546875 0.8780132281249999 0.7868633328125 0.8639868359375 0.7532263203125 0.872642246875 0.7036431296875 0.90344588125 0.6874352578125 0.9530694046875 0.6999270156249999 0.9982020046875 0.7036322328125 1 0.9547220046874999 1