4 0.3259077734375 0.6027467640624999 0.34620232500000003 0.607228615625 0.374356215625 0.5959572171875 0.4257329171875 0.5177431203125 0.4509205640625 0.44686211093750006 0.4335542734375 0.37095571562499996 0.381270546875 0.3344453671875 0.31275431249999996 0.3654341734375 0.288273178125 0.386825278125 0.268753284375 0.41721024062499995 0.24669049531249998 0.4920252515625 0.2798095390625 0.5786035078125 0.3259077734375 0.6027467640624999
4 0.125981009375 0.3464713921875 0.15700284375 0.357130328125 0.17919800156250001 0.3621729453125 0.209928853125 0.348649853125 0.2613055546875 0.27043575625 0.28581684687500003 0.20236721562499999 0.2641014453125 0.119153578125 0.2142662234375 0.0893897 0.126422778125 0.1372662203125 0.10500227343749999 0.1670904109375 0.08171523750000001 0.23853219062500003 0.0820062203125 0.26271421875 0.1072318515625 0.32286736562499996 0.125981009375 0.3464713921875
4 0.0628454515625 0.401637921875 0.034109592187499996 0.3645452640625 0.0233180765625 0.3628672609375 0.0051634296875 0.4437441265625 0.006880076562499999 0.5912723 0.0424604328125 0.537188390625 0.068743871875 0.47867878125 0.0729304578125 0.45280583124999996 0.0628454515625 0.401637921875
4 0.0743027359375 0.8914598890625 0.10219971406249999 0.8981848171875001 0.1473948390625 0.8964594281249999 0.207855134375 0.8058653203125001 0.2284367515625 0.7456734015625 0.2129710703125 0.670327771875 0.1613636984375 0.6310049578125 0.1050559171875 0.65354775625 0.06646572656250001 0.6828241 0.04762218125 0.710396596875 0.02488304375 0.7880240749999999 0.0282988859375 0.81614010625 0.054877226562500006 0.8706683249999999 0.0743027359375 0.8914598890625
4 0.4588022328125 0.20671982656250001 0.49974654531249996 0.2353664765625 0.5467780484375 0.23870093906249998 0.5642046515625 0.22125245312500003 0.6254697593749999 0.118847715625 0.6349387234375 0.0794732078125 0.6309107515625 0.0496705546875 0.555777159375 0.0258857375 0.47192249375 0.02198014375 0.46903802343749995 0.024500534375 0.45209508749999994 0.052633799999999994 0.4305801984375 0.13363450937500002 0.4588022328125 0.20671982656250001
4 0.6191714687500001 0.4709019796875 0.640497584375 0.4922543140625 0.6626927421875 0.4972969328125 0.704022425 0.49894908750000005 0.7181957125 0.486564765625 0.7735020828125 0.40047404374999995 0.7921830984375 0.3397213578125 0.7729162015625 0.26325418906250003 0.7218567265625 0.23011707499999998 0.660395021875 0.2571632640625 0.628859359375 0.2824969859375 0.6086631078125 0.31569441249999997 0.5879530328125 0.38488449375 0.5950416328125 0.42312023125 0.6191714687500001 0.4709019796875
4 0.4475242890625 0.863025065625 0.48302369531249995 0.8719930765624999 0.5160745953125 0.8742146171874999 0.529571528125 0.8646427593749999 0.5809482296875 0.7864286625 0.604783165625 0.721172584375 0.5868689796875 0.6390804859375 0.532008290625 0.6048218359375 0.4434884890625 0.655510821875 0.423968596875 0.68589578125 0.40271062031250004 0.7489001671875 0.402325253125 0.775894659375 0.433124246875 0.8467282781250001 0.4475242890625 0.863025065625
4 0.4062848875 1 0.3916700203125 0.9429300875 0.34508811562499997 0.9081020484375 0.28945668750000003 0.9278323828125 0.2515428484375 0.9542962609375 0.38855874375 1 0.4062848875 1
4 0.75719491875 1 0.7534577734375 0.9578080890624999 0.7350297609374999 0.9117086515624999 0.688995753125 0.8830663140624999 0.62305648125 0.911803428125 0.584337828125 0.9500779343750001 0.565642346875 1 0.75719491875 1
4 0.9118417453125 1 0.9464428125 0.8536047265625 0.9035677359375001 0.871074753125 0.876509640625 0.8947175484375001 0.8595667046875001 0.9228508140624999 0.8369676734375 1 0.9118417453125 1
4 0.7586680984374999 0.7710940234375 0.7833117609375 0.7828831140625 0.8405868828124999 0.781709878125 0.8977938562500001 0.6961799281250001 0.9162179578125 0.65342356875 0.9212093546875 0.615739984375 0.9042625046874999 0.555017453125 0.85958120625 0.520750184375 0.798247959375 0.5387982078125 0.757080803125 0.570326246875 0.7209089578125 0.6530264984375 0.719042421875 0.6946440859375 0.7337976796875 0.7306238203125 0.7586680984374999 0.7710940234375
4 1 0.16797186718749998 0.9540479984375001 0.187179784375 0.924412940625 0.213074275 0.9035403390625 0.24908416562500002 0.8841829671875001 0.3126493203125 0.89004731875 0.3475118203125 0.9166256578124999 0.4020400390625 0.9646245015625 0.426744065625 1 0.42324453125000006 1 0.16797186718749998