2 0.389114828125 0.48016069375 0.36817772656250003 0.5253865375 0.3581486046875 0.6163278515624999 0.3634190984375 0.6856715921875 0.3750617234375 0.733092284375 0.39512062812500004 0.7388589 0.400183259375 0.7383720968749999 0.4190762125 0.71287728125 0.43947028593750004 0.6582323953125 0.4632498328125 0.5298597234375 0.4966116140625 0.391094403125 0.5077267937500001 0.31899117499999996 0.508030134375 0.29114018750000004 0.49546124375 0.24972809687500003 0.48386668750000006 0.24729126093749998 0.4728151609375 0.25427346875 0.4506003859375 0.28837504687500004 0.389114828125 0.48016069375
2 0.44009122500000003 0.11712705625 0.408677453125 0.1461936390625 0.3724407375 0.2130170546875 0.348724840625 0.2762687046875 0.33112580937499997 0.39043215 0.3466813546875 0.4836489734375 0.3571580265625 0.499808234375 0.3699503625 0.5009459890625 0.37887784375 0.5012714671875 0.3857930046875 0.4887674609375 0.4335281375 0.3344131703125 0.459639590625 0.268563359375 0.477606278125 0.24907714531249997 0.507439034375 0.2367372890625 0.520534709375 0.210024053125 0.5241598749999999 0.1735663 0.5155357328125 0.1453898359375 0.5023919859375 0.12711921406249999 0.47378883437499997 0.105599478125 0.44009122500000003 0.11712705625
2 0.5159033859375 0.240067065625 0.5121983265625001 0.2641014765625 0.515919628125 0.31761143125 0.499166965625 0.41334293125 0.4765371265625 0.4954326671875 0.4599442515625 0.6160108546874999 0.47189021875000003 0.6355805546875 0.484682553125 0.636718309375 0.5297350296875 0.5903575359375 0.5536107171875 0.551952575 0.567904171875 0.523940259375 0.596251390625 0.430645596875 0.6097621281250001 0.355944209375 0.611838103125 0.30365266874999997 0.6037089203125 0.23991139218750002 0.584336590625 0.1908661421875 0.5650123328125 0.18680475000000002 0.5500959546875 0.1929746765625 0.5349879578125 0.20685842656250003 0.5159033859375 0.240067065625
2 0.6097621281250001 0.355944209375 0.586908846875 0.4783082765625 0.5940318687499999 0.5356348140625 0.5865580968749999 0.6488246546875 0.587883840625 0.7049327734374999 0.5985203046875001 0.745938721875 0.6089170828125 0.7496746375 0.6202401234375 0.747401953125 0.631020134375 0.7357102234374999 0.66725685 0.6688868078125 0.675753028125 0.639656075 0.68686820625 0.5675528484375 0.690333578125 0.50624840625 0.682890971875 0.3992284921875 0.6665689515625 0.3368669609375 0.6413993453125 0.2866032921875 0.6205258984375 0.2667081140625 0.61086376875 0.26467741875 0.6097621281250001 0.355944209375
2 0.45417946093749995 0.7698811671875 0.46721148437500004 0.8082889546875001 0.48966595 0.8114574046874999 0.4963894921875 0.8066672203125 0.5249764 0.7506425906249999 0.5391899578125 0.7102069328125 0.551854325 0.653937490625 0.5686388171875 0.5256454796875001 0.5268763375 0.59596 0.5065140921875 0.618044375 0.48108921406249994 0.640615553125 0.46508677968749995 0.6279473953125 0.4590978828125 0.6344428 0.450458159375 0.7163712078125 0.45417946093749995 0.7698811671875
2 0.476561165625 1 0.48937885156250005 0.916852759375 0.4897458453125 0.8238807484375 0.48267089218750003 0.81153806875 0.4648159265625 0.810887115625 0.4537163296875 0.7728854671875001 0.4490687609375 0.7253841140625 0.45476989999999995 0.6366348203125 0.44823797499999996 0.63371118125 0.421471771875 0.71027911875 0.405709021875 0.7348809937499999 0.38986637968750004 0.7470595234374999 0.395153115625 0.8939476296875 0.41144330937499995 0.9888696765624999 0.4711873546875 1 0.476561165625 1
2 0.7497785546875 1 0.7499530062499999 0.9995325671874999 0.7630805078125 0.9402588218749999 0.7687017484374999 0.8390861859375001 0.7670564203125 0.733284690625 0.7636547 0.7294681125 0.7457360828125 0.7939381796875 0.72684313125 0.8194329953124999 0.6983198749999999 0.8103366046874999 0.66700158125 0.741721653125 0.6620350890625 0.8321761656250001 0.66575639375 0.8856861203124999 0.662291021875 0.9469905625000001 0.6669385890624999 0.99449191875 0.6683594015625001 1 0.7497785546875 1
2 0.659686940625 0.6921089406250001 0.6740765343749999 0.7540643359375 0.7002523015625 0.81074274375 0.7280409109375 0.818133915625 0.7528428625 0.77372035 0.766896628125 0.7084380015625 0.7685094703125 0.659150765625 0.7578249375 0.5731609625 0.7399537265625 0.49496564374999996 0.7235199859375 0.452741275 0.713777959375 0.438287234375 0.70604825625 0.4366626765625 0.690940259375 0.4505464265625 0.68686820625 0.5675528484375 0.6752898953125 0.642660378125 0.659686940625 0.6921089406250001
2 0.779959815625 0.5266360375 0.7581601015625 0.5127494625 0.750781809375 0.5282577703125 0.7558126140625 0.560331478125 0.77502515 0.5845300390625 0.7958667734375 0.6369857296875 0.799907659375 0.740189059375 0.8086597687499999 0.8257727265625 0.8121413828125 0.8420126484375 0.8233527031250001 0.8598771328125 0.839466859375 0.852408121875 0.8526424328125 0.8381182328125 0.8755119578125001 0.793298528125 0.8864036937499999 0.761469634375 0.8968959484375001 0.6675240171875 0.886674546875 0.5785299125 0.8767409031250001 0.57178969375 0.861824525 0.577959621875 0.84242036875 0.561474884375 0.8311291546874999 0.531187059375 0.8147434828125 0.5339465484375 0.779959815625 0.5266360375
2 1 0.38061385625 0.9999841921874999 0.38057716406250003 0.9888527687499999 0.3751360265625 0.9339783718750001 0.3946194140625 0.9279894765625001 0.4011148171875 0.9215056203125 0.443175034375 0.9388500453124999 0.5894956765625 0.9665750015624999 0.6620078703125001 0.9816511718750001 0.68068463125 0.9886462296875 0.6806039671875 1 0.6730843890625 1 0.38061385625
2 0.9124826609375001 0.5405310890624999 0.9050725406250001 0.5885999078124999 0.8893422796875001 0.7682905156250001 0.8987972078125 0.8881399109375 0.907069940625 0.8991835109374999 0.9010810453125 0.905678915625 0.8962100312500001 0.8984518953125 0.8921535609375001 0.9053534390625 0.8943575031250001 0.9104691 0.9071498359374999 0.9116068546875 0.9220662140625 0.9054369296875 0.9531285781250001 0.8592374796875 0.9764612375 0.8114134749999999 0.9890457093749999 0.7427206859375 0.9930541093749999 0.690835290625 0.9913133015625 0.682715328125 0.9797187453125 0.680278490625 0.9617039890625 0.6547808484375001 0.9423316609375 0.6057356015625001 0.930337625 0.5411820453125 0.921330246875 0.5284332234375 0.9124826609375001 0.5405310890624999
2 1 0.2990666703125 0.97994086875 0.2647056734375 0.9470097328125 0.2453779578125 0.9132322281249999 0.2444821921875 0.8887336171875001 0.26104476875 0.8636120796875 0.25576495625 0.8530236859375 0.2597428609375 0.7917771546875 0.3011493 0.7788730984375001 0.320148709375 0.772309346875 0.3497855828125 0.8123154359375 0.38145597656249997 0.8307933265624999 0.40394931874999995 0.839720809375 0.4042747953125 0.8644909359374999 0.392421740625 0.9363739296875 0.3920212515625 0.9633479968750001 0.385283859375 1 0.36549287656249996 1 0.2990666703125
2 0.6062480265625 0.184615553125 0.59628255625 0.2104358453125 0.609394475 0.261266978125 0.6190566046875 0.2632976734375 0.6448010640625 0.2904198734375 0.6590626937499999 0.29496806875 0.72735235 0.298464821875 0.7663841046875 0.291159965625 0.8255864875000001 0.2694845546875 0.8344340734375001 0.25738668593749997 0.8371329718749999 0.22693753593750002 0.8266563 0.21077827500000001 0.7927988984375001 0.1974591640625 0.7695298921875 0.180162146875 0.71928681875 0.16960252343749999 0.6416065468750001 0.16878459375 0.625220875 0.17154408125 0.6062480265625 0.184615553125
2 0.6470524140625 0.152870146875 0.6456630171875 0.16188305 0.6497993828124999 0.16740485 0.71735439375 0.169196384375 0.7714623171875 0.1805682875 0.7947313234375 0.197865303125 0.833922871875 0.215407134375 0.8386022656250001 0.23034797812500002 0.8384905421875001 0.25048514375 0.8551477296875 0.2524351796875 0.8872643218749999 0.257634328125 0.89978514375 0.2540625609375 0.9090958625000001 0.2389603921875 0.90994223125 0.220528446875 0.9008549562500001 0.19535628124999999 0.8701595875000001 0.14858371875 0.8032911531250001 0.1035135484375 0.725914221875 0.0748446296875 0.690204290625 0.0735427234375 0.6868824671875 0.08214948749999999 0.68035054375 0.0792258484375 0.6470524140625 0.152870146875
2 0.27976353125000003 0.018296465625 0.22357962968749998 0.0592161015625 0.19131948906250001 0.1067146296875 0.1677633859375 0.19481296875 0.1753813671875 0.21657469218749997 0.1911122875 0.2245333296875 0.28937825156249997 0.16299254999999999 0.3284100046875 0.1556876921875 0.40222542499999997 0.15569334375 0.44248678437500005 0.11452889375 0.46992398281250003 0.1047872 0.4861180375 0.109741534375 0.47850005624999997 0.0879798109375 0.458552871875 0.06207603125 0.4270111328125 0.0337354140625 0.40134656875 0.0190365578125 0.339508940625 0.0060400968749999995 0.27976353125000003 0.018296465625
2 0.1670287390625 0.193107746875 0.160305196875 0.1978979328125 0.1304406125 0.24279829999999997 0.11522089375 0.276819215625 0.11290523125 0.291840721875 0.1181276546875 0.31620060781250003 0.1435207046875 0.326189940625 0.18761509062499998 0.31839828125 0.23908776875 0.2950983140625 0.2450766640625 0.2886029078125 0.25643153125 0.2537697125 0.27644236875 0.21455247187499998 0.30205886406250004 0.184267471875 0.334478796875 0.1616156328125 0.305763921875 0.1602330625 0.2739987390625 0.1721667796875 0.193779359375 0.22664468906250002 0.1817216734375 0.22721215312499998 0.1670287390625 0.193107746875
2 0.226551365625 0.4087749546875 0.230799453125 0.394159590625 0.2338016921875 0.33585944687499997 0.2305915921875 0.3243290453125 0.216984715625 0.309062728125 0.1664383015625 0.3263540921875 0.1379949421875 0.32968104375 0.06218344375 0.394390275 0.020724303125 0.43685380625 0.0184117 0.4518554734375 0.023967459375 0.588203578125 0.039266507812500004 0.581875365625 0.06616067812500001 0.5627146296875 0.2165059984375 0.42217190625 0.226551365625 0.4087749546875
2 0.1884621203125 0.48761557499999997 0.178193309375 0.5412868578125 0.1794391578125 0.58497163125 0.19181643125 0.63409754375 0.20036067656249998 0.6498506640625 0.209288159375 0.6501761421875 0.2206112 0.6479034578125 0.2563529578125 0.6166448531250001 0.2620703390625 0.605439928125 0.2652323703125 0.5719864734375 0.2799889578125 0.5409698578125 0.282767753125 0.5229440515625 0.2817934171875 0.4839688 0.2692725984375 0.4875405640625 0.25473945468750003 0.478282846875 0.229681571875 0.4078820140625 0.20221254531250002 0.45018421875000003 0.1884621203125 0.48761557499999997
2 0.125778784375 0.6807003046875 0.1347062671875 0.6810257796875 0.1647306421875 0.660972103125 0.1869454171875 0.6268705234375 0.1774268359375 0.5721421484375 0.1777301765625 0.5442911593749999 0.195297384375 0.4626882265625 0.17025574375000002 0.4698317578125 0.1405028828125 0.49459495625 0.1249317546875 0.511483009375 0.1083226359375 0.5545168312500001 0.1018387828125 0.596577046875 0.10346786875 0.6248341749999999 0.125778784375 0.6807003046875
2 0.18721693281250001 0.6315800453125 0.1563461875 0.6700656703125001 0.1360320109375 0.7371339 0.1221380375 0.827262934375 0.1328225703125 0.9132527406250001 0.143762375 0.9264077000000001 0.1565547109375 0.927545453125 0.168340884375 0.9222684687499999 0.177188471875 0.9101706015625 0.20948043749999998 0.8301115625 0.22933148281250001 0.7660476328125 0.24098969062500003 0.7033634453125 0.2637793203125 0.6461203984375 0.2648173078125 0.6199746312500001 0.2570876046875 0.6183500734375 0.24031869687500002 0.63653720625 0.20569482187500002 0.654073384375 0.19309410625 0.64522180625 0.18721693281250001 0.6315800453125
2 0.12175480000000001 0.8426905796874999 0.12344753906249999 0.8058266875 0.13649514375 0.7341295999999999 0.1551484078125 0.6713647500000001 0.139768896875 0.680538978125 0.0849425703125 0.745006221875 0.039586753125 0.819217984375 0.0339060828125 0.8321148781250001 0.037068459375 0.9097251703125 0.11118265000000001 0.92421285 0.125012971875 0.8992048374999999 0.127328634375 0.88418333125 0.12175480000000001 0.8426905796874999
2 0.10246170624999999 0.6184194328125 0.10137565 0.599581346875 0.10758799062499999 0.5528116109375001 0.1017907125 0.5515931921874999 0.081156953125 0.5689680453125 0.03923468125 0.6144358765625 0.0258399484375 0.634157740625 0.03276453125 0.804099196875 0.050941620312500005 0.7843847890625 0.088647628125 0.7209718125 0.1211792859375 0.6781828046875 0.10246170624999999 0.6184194328125
2 0.35466831249999997 0.9753864125 0.377378046875 0.9057200203125 0.389179803125 0.7903381578124999 0.3874708203125 0.7496576859374999 0.3780003109375 0.739913165625 0.36844990312500003 0.7177453015624999 0.3624129375 0.67925685 0.355337984375 0.6669141703125 0.30987044531249996 0.7612631000000001 0.29742952031250003 0.7772582078125 0.2868736140625 0.9363248453124999 0.289700478125 0.9632828953124999 0.35466831249999997 0.9753864125
2 0.224316921875 0.8115182890625 0.22899631562499997 0.8264591328125 0.24519036875000003 0.8314134671875 0.29742952031250003 0.7772582078125 0.3184465171875 0.7444557109375001 0.3531340453125 0.661798509375 0.358308396875 0.641174540625 0.357030721875 0.6300502765625 0.3132078515625 0.642551459375 0.290018740625 0.6376777859375 0.2798135828125 0.626228046875 0.27235539375 0.629313009375 0.240063425 0.7093720484375 0.22516329062499998 0.793086340625 0.224316921875 0.8115182890625
2 0.3252655390625 0.64198399375 0.35675920781250003 0.62534075625 0.3669799484375 0.52668561875 0.340932146875 0.5274144109375001 0.319132434375 0.5135278328124999 0.2922382625 0.532688571875 0.26809106250000003 0.5663840109375 0.26438600156250003 0.5904184203125 0.27447943750000003 0.6220053265625001 0.2958160171875 0.6388962046875 0.31054077812499997 0.6404401 0.3252655390625 0.64198399375
2 0.8516277296875 1 0.8554537140624999 0.9751811546875 0.8594458703125 0.8457513921875 0.85430334375 0.8338148500000001 0.8413992859375 0.8528142624999999 0.826019775 0.861988490625 0.818290071875 0.8603639328125 0.8102089578125 0.8416065093749999 0.7989015 0.73377431875 0.7995081796875 0.6780723390625 0.793934346875 0.6365795890625 0.7775006046875 0.5943552203125 0.765363021875 0.5824993421875 0.7623127125 0.5958156265625 0.7693558390625 0.64071881875 0.7664334953124999 0.7114423046875 0.7695481187500001 0.8206542390625 0.7671688046875 0.9007967656250001 0.7576028140625 0.98873378125 0.7583863140625 1 0.8516277296875 1
2 0.6594336249999999 1 0.663377078125 0.9658286484374999 0.6627379109375 0.8664418968750001 0.6473421546875 0.7980717609375 0.63531629375 0.7660787140624999 0.631451440625 0.7652664359375 0.6037109015625 0.8028591171875 0.58732523125 0.8056186046875 0.5763854265624999 0.7924636453125 0.573287046875 0.7607960765625 0.5686875484375 0.758278578125 0.554058928125 0.8467023921875001 0.58314145625 0.9427621921875 0.604446209375 0.9922135796875 0.6089629890625 1 0.6594336249999999 1
2 0.6714399656250001 0.34409398125 0.6884648046875 0.44072124687500003 0.6937989515625 0.44494396406250003 0.70770916875 0.43235929687499997 0.757696309375 0.32810452031250004 0.7620561203125 0.2933519875 0.6779238203125 0.30203376406250004 0.6714399656250001 0.34409398125
2 0.7804229484375 0.5236317374999999 0.810143984375 0.5314290484375 0.827264303125 0.53037478125 0.8481695765625 0.51770945 0.8639323250000001 0.4931075734375 0.8633094 0.47126518749999996 0.8371336328125001 0.414586778125 0.81378473125 0.38486641875 0.7798474328125 0.3591239625 0.7493917515625 0.34962143125 0.7143528156250001 0.41514576875 0.7149757390625 0.436988153125 0.7416146390625 0.4906622609375 0.7804229484375 0.5236317374999999
2 0.1740393796875 0.08292220781250001 0.2129912359375 0.06319400625 0.23408812812500002 0.0428148515625 0.2908150578125 0.011314259375 0.29500219687499996 0.0051492828125 0.0878318078125 0.001533109375 0.07491080312500001 0.0853505671875 0.0942350625 0.0894119609375 0.1302165078125 0.0954233890625 0.1740393796875 0.08292220781250001
2 1 0.123613375 0.9513851265625 0.10052055156249999 0.9103410500000001 0.09499592343749999 0.8988263906249999 0.1049824328125 0.8887011296875 0.1059560359375 0.8780328374999999 0.097510596875 0.844718465625 0.0936105296875 0.8160834875 0.10465130468749999 0.819756721875 0.11317740624999999 0.8420195671874999 0.12405968125 0.876963025 0.1562168765625 0.90572596875 0.202583303125 0.9121461703125 0.22564410625 0.946195190625 0.23124939375000003 1 0.2378742453125 1 0.123613375