2 0.447265625 0.53281004375 0.458984375 0.3884753328125 0.458984375 0.314772503125 0.455078125 0.28713394375 0.4365234375 0.24874705156250002 0.4248046875 0.24874705156250002 0.4150390625 0.25795990625 0.3984375 0.29634679531249997 0.3671875 0.49902957812500004 0.353515625 0.5481647984375 0.357421875 0.6402933359375 0.373046875 0.7078542640625 0.3916015625 0.7523830578124999 0.412109375 0.753918534375 0.4169921875 0.7523830578124999 0.431640625 0.723209021875 0.443359375 0.664860946875 0.447265625 0.53281004375
2 0.404296875 0.2748501390625 0.4189453125 0.251818003125 0.4462890625 0.2333922953125 0.455078125 0.20421825781249997 0.453125 0.1673668421875 0.4404296875 0.1412637578125 0.4248046875 0.1259090015625 0.3935546875 0.1105542453125 0.3623046875 0.128979953125 0.3359375 0.16429589375 0.310546875 0.2379987234375 0.296875 0.3055596515625 0.296875 0.42225579843750005 0.326171875 0.511313384375 0.3388671875 0.5251326656249999 0.3515625 0.5235971890625 0.3603515625 0.5220617140625 0.365234375 0.5082424343749999 0.388671875 0.34548201562499997 0.404296875 0.2748501390625
2 0.5625 0.40690104062500004 0.564453125 0.3301272609375 0.55859375 0.2779210875 0.541015625 0.21650206249999998 0.5146484375 0.1719732703125 0.4951171875 0.1719732703125 0.4814453125 0.1811861234375 0.46875 0.1980763546875 0.455078125 0.23492777031249998 0.455078125 0.25949538125 0.466796875 0.311701553125 0.46484375 0.40997199375 0.455078125 0.4959586296875 0.45703125 0.6187966796875 0.4716796875 0.6356869109375001 0.484375 0.634151434375 0.521484375 0.5788743109375 0.5390625 0.53588099375 0.548828125 0.50517148125 0.5625 0.40690104062500004
2 0.671875 0.59730001875 0.671875 0.5235971890625 0.666015625 0.46217816406249995 0.642578125 0.3577658203125 0.6171875 0.2994177484375 0.5849609375 0.2548889546875 0.5615234375 0.23953419843749998 0.5517578125 0.23953419843749998 0.564453125 0.3301272609375 0.560546875 0.4560362609375 0.576171875 0.511313384375 0.5859375 0.62493858125 0.595703125 0.6802157046875 0.6123046875 0.71860259375 0.623046875 0.7201380687500001 0.6337890625 0.71553164375 0.642578125 0.7017123609375 0.66796875 0.62800953125 0.671875 0.59730001875
2 0.552734375 0.6372223875 0.5498046875 0.5067069578125001 0.51953125 0.5850162140624999 0.5029296875 0.6111193 0.4814453125 0.6387578609375 0.4638671875 0.6295450078125 0.458984375 0.6372223875 0.462890625 0.7201380687500001 0.474609375 0.7723442421875 0.4931640625 0.8076601812499999 0.515625 0.8061247046875 0.521484375 0.7999828015625 0.541015625 0.7385637765624999 0.548828125 0.6955704593750001 0.552734375 0.6372223875
2 0.4912109375 0.8107311328125 0.474609375 0.7754151921875 0.462890625 0.729350925 0.455078125 0.6402933359375 0.4482421875 0.6387578609375 0.43359375 0.7201380687500001 0.421875 0.7477766328125 0.408203125 0.7631313875 0.435546875 0.9074660968750001 0.4658203125 0.9980591593750001 0.53125 0.9965236828125 0.53125 0.9105370468749999 0.517578125 0.818408509375 0.5087890625 0.8076601812499999 0.4912109375 0.8107311328125
2 0.775390625 0.6710028484375 0.771484375 0.6679318999999999 0.763671875 0.7354928265625 0.7490234375 0.7646668625 0.7197265625 0.7615959125 0.6787109375 0.7001768875 0.6875 0.7907699499999999 0.69921875 0.84297611875 0.705078125 0.9043951453125001 0.716796875 0.950459415625 0.7373046875 0.9980591593750001 0.787109375 0.9965236828125 0.798828125 0.9381756093750001 0.802734375 0.876756584375 0.79296875 0.7754151921875 0.775390625 0.6710028484375
2 0.7421875 0.5143843359375 0.712890625 0.44068150624999997 0.6904296875 0.4022946140625 0.6787109375 0.390010809375 0.6708984375 0.390010809375 0.658203125 0.40690104062500004 0.671875 0.5235971890625 0.671875 0.600370971875 0.6640625 0.6525771421875 0.6875 0.7109252171875 0.7216796875 0.7615959125 0.75 0.7631313875 0.767578125 0.7139961671874999 0.771484375 0.6464352390625 0.765625 0.59730001875 0.7421875 0.5143843359375
2 0.896484375 0.6740738015625001 0.892578125 0.5788743109375 0.869140625 0.4928876765625 0.8583984375 0.48828125 0.8447265625 0.49749410312500003 0.8232421875 0.48521029843749997 0.8076171875 0.4575717375 0.7919921875 0.463713640625 0.7568359375 0.463713640625 0.7333984375 0.4545007859375 0.728515625 0.47139101875 0.73828125 0.50210053125 0.7607421875 0.5220617140625 0.7890625 0.569661459375 0.80859375 0.6710028484375 0.830078125 0.753918534375 0.8359375 0.7692732890625 0.849609375 0.784628046875 0.8642578125 0.7738797171875 0.875 0.756989484375 0.890625 0.7078542640625 0.896484375 0.6740738015625001
2 1 0.40997199375 0.962890625 0.2932758453125 0.9501953125 0.27331466249999997 0.9384765625 0.2702437109375 0.8876953125 0.3009532234375 0.8828125 0.3086306 0.8828125 0.35162391875 0.921875 0.4928876765625 0.9599609375 0.5589131296875001 0.9775390625 0.5742678859375 0.984375 0.572732409375 1 0.5573776546875 1 0.40997199375
2 0.994140625 0.634151434375 0.990234375 0.5819452640625 0.9873046875 0.5742678859375 0.9755859375 0.5742678859375 0.9541015625 0.5527712265625 0.927734375 0.5082424343749999 0.90625 0.446823409375 0.8955078125 0.436075078125 0.888671875 0.4498943578125 0.888671875 0.49902957812500004 0.900390625 0.6802157046875 0.927734375 0.7969118515625 0.9375 0.8061247046875 0.9326171875 0.8138020828125001 0.9267578125 0.8076601812499999 0.923828125 0.8153375593750001 0.9267578125 0.8199439859375 0.939453125 0.818408509375 0.953125 0.8091956578125 0.9765625 0.756989484375 0.9921875 0.7047833140625 0.994140625 0.634151434375
2 0.9521484375 0.2548889546875 0.962890625 0.2318568203125 0.962890625 0.22264396562500002 0.9130859375 0.1627604171875 0.8779296875 0.1504766109375 0.8447265625 0.1566185140625 0.8232421875 0.1781151734375 0.7978515625 0.1781151734375 0.7880859375 0.184257075 0.734375 0.2379987234375 0.724609375 0.25949538125 0.72265625 0.29020489375 0.7666015625 0.313237028125 0.7880859375 0.3316627359375 0.796875 0.3301272609375 0.8193359375 0.313237028125 0.8896484375 0.297882271875 0.9150390625 0.2855984671875 0.9521484375 0.2548889546875
2 0.76953125 0.18579255 0.767578125 0.15508303750000002 0.7548828125 0.1412637578125 0.7197265625 0.1351218546875 0.6943359375 0.12283805 0.6435546875 0.12283805 0.5673828125 0.13819280625000002 0.5517578125 0.14433470937499998 0.53515625 0.16122494062499998 0.529296875 0.188863503125 0.5498046875 0.236463246875 0.5595703125 0.236463246875 0.5888671875 0.25795990625 0.603515625 0.25949538125 0.6708984375 0.24874705156250002 0.7080078125 0.2333922953125 0.7626953125 0.19961183124999998 0.76953125 0.18579255
2 0.837890625 0.13358638125 0.8251953125 0.1105542453125 0.7880859375 0.0706318796875 0.7158203125 0.039922365625 0.6357421875 0.0276385609375 0.6005859375 0.0337804640625 0.5986328125 0.042993317187500005 0.591796875 0.041457842187499996 0.5703125 0.121302575 0.5703125 0.130515428125 0.5751953125 0.1351218546875 0.6416015625 0.12283805 0.6962890625 0.12283805 0.7216796875 0.1351218546875 0.7626953125 0.14433470937499998 0.76953125 0.158153990625 0.7724609375 0.1781151734375 0.7890625 0.17657969843750002 0.8212890625 0.175044221875 0.8330078125 0.16890231875 0.83984375 0.1520120875 0.837890625 0.13358638125
2 0.3642578125 0.1259090015625 0.3896484375 0.1105542453125 0.40625 0.1120897203125 0.3955078125 0.0921285375 0.3720703125 0.0706318796875 0.3369140625 0.0491352203125 0.3095703125 0.039922365625 0.2470703125 0.039922365625 0.1904296875 0.0644899765625 0.1416015625 0.11669614843750001 0.1171875 0.1704377953125 0.107421875 0.26256633281249997 0.1181640625 0.282527515625 0.134765625 0.28713394375 0.2216796875 0.205753734375 0.2587890625 0.190398978125 0.3310546875 0.175044221875 0.3642578125 0.1259090015625
2 0.203125 0.30248869843750004 0.216796875 0.25949538125 0.2373046875 0.2241794421875 0.265625 0.19500540625 0.2373046875 0.19961183124999998 0.2080078125 0.2180375390625 0.1376953125 0.28866941874999996 0.1259765625 0.29174036875 0.1064453125 0.26103085625 0.1005859375 0.267172759375 0.078125 0.31784345625 0.068359375 0.3546948703125 0.068359375 0.3700496265625 0.0771484375 0.3930817609375 0.103515625 0.39768818906250003 0.1455078125 0.38079795625 0.1923828125 0.3470174921875 0.197265625 0.3393401125 0.203125 0.30248869843750004
2 0 0.6955704593750001 0.005859375 0.6955704593750001 0.0400390625 0.672538325 0.0634765625 0.647970715625 0.189453125 0.47753292187499996 0.197265625 0.46217816406249995 0.19921875 0.446823409375 0.193359375 0.3884753328125 0.1884765625 0.3777270046875 0.1728515625 0.36544319999999997 0.1259765625 0.3930817609375 0.0986328125 0.4022946140625 0.0341796875 0.48213934687500004 0 0.53281004375 0 0.6955704593750001
2 0.259765625 0.6157257265625 0.26953125 0.5819452640625 0.26953125 0.5635195562499999 0.2626953125 0.5251326656249999 0.2509765625 0.5312745671875 0.2353515625 0.5251326656249999 0.2001953125 0.46064268906250005 0.1796875 0.5082424343749999 0.171875 0.5481647984375 0.169921875 0.603441921875 0.177734375 0.6464352390625 0.197265625 0.6924995093749999 0.2080078125 0.7063187890625 0.216796875 0.7047833140625 0.2275390625 0.7001768875 0.2578125 0.661789996875 0.26171875 0.6495061921875 0.259765625 0.6157257265625
2 0.169921875 0.6065128734375 0.1748046875 0.5220617140625 0.1513671875 0.53434551875 0.1259765625 0.56505503125 0.11328125 0.5850162140624999 0.103515625 0.631080484375 0.103515625 0.6740738015625001 0.109375 0.7017123609375 0.1396484375 0.7523830578124999 0.1484375 0.7508475812500001 0.1748046875 0.724744496875 0.19140625 0.68635760625 0.173828125 0.634151434375 0.169921875 0.6065128734375
2 0.25390625 0.8153375593750001 0.255859375 0.7508475812500001 0.26953125 0.68942855625 0.2666015625 0.663325471875 0.2587890625 0.663325471875 0.2451171875 0.68482213125 0.2138671875 0.709389740625 0.2001953125 0.7032478375 0.1923828125 0.6909640328125 0.16796875 0.7354928265625 0.158203125 0.8061247046875 0.158203125 0.8982532421875 0.181640625 0.981168928125 0.1943359375 0.99191725625 0.20703125 0.9903817796875 0.2177734375 0.9827044031250001 0.224609375 0.9688851218750001 0.244140625 0.8828984875 0.25390625 0.8153375593750001
2 0.15625 0.876756584375 0.158203125 0.8030537546875 0.1669921875 0.7370283015625 0.1533203125 0.74931210625 0.109375 0.8245504125 0.076171875 0.9074660968750001 0.0546875 0.9903817796875 0.0556640625 0.9980591593750001 0.162109375 0.9965236828125 0.171875 0.9688851218750001 0.171875 0.9535303640624999 0.16015625 0.913608 0.15625 0.876756584375
2 0.134765625 0.7508475812500001 0.107421875 0.6955704593750001 0.103515625 0.6771447515625 0.1025390625 0.6295450078125 0.0966796875 0.6295450078125 0.0791015625 0.6510416671875 0.044921875 0.7047833140625 0.025390625 0.7477766328125 0.015625 0.784628046875 0.013671875 0.8368342171875 0.021484375 0.8859694375 0.0361328125 0.89978871875 0.0546875 0.9043951453125001 0.0634765625 0.89978871875 0.08203125 0.8706146828125 0.109375 0.7999828015625 0.134765625 0.7508475812500001
2 0.3955078125 0.7585249609375 0.3828125 0.7385637765624999 0.37109375 0.7017123609375 0.3623046875 0.6909640328125 0.33203125 0.7938409 0.322265625 0.81226660625 0.3359375 0.971956071875 0.3427734375 0.9980591593750001 0.408203125 0.9965236828125 0.419921875 0.9228208515625 0.4140625 0.8061247046875 0.40625 0.7662023390625 0.3955078125 0.7585249609375
2 0.361328125 0.664860946875 0.3583984375 0.6541126171875 0.3173828125 0.6756092765624999 0.2939453125 0.6756092765624999 0.2822265625 0.6663964234375 0.275390625 0.6710028484375 0.255859375 0.756989484375 0.25390625 0.84297611875 0.255859375 0.8614018265625001 0.2626953125 0.8752211078125001 0.279296875 0.876756584375 0.322265625 0.81226660625 0.337890625 0.7754151921875 0.359375 0.68635760625 0.361328125 0.664860946875
2 0.3271484375 0.555842178125 0.3037109375 0.5466293234374999 0.2802734375 0.571196934375 0.26171875 0.6095838234375 0.26171875 0.634151434375 0.2763671875 0.663325471875 0.2998046875 0.6756092765624999 0.314453125 0.6740738015625001 0.3291015625 0.672538325 0.357421875 0.6495061921875 0.3525390625 0.549700275 0.3271484375 0.555842178125
2 0.8759765625 0.7523830578124999 0.8662109375 0.7738797171875 0.8525390625 0.786163521875 0.8447265625 0.786163521875 0.833984375 0.7692732890625 0.806640625 0.664860946875 0.798828125 0.6095838234375 0.787109375 0.569661459375 0.7646484375 0.5312745671875 0.7509765625 0.5220617140625 0.75 0.53588099375 0.763671875 0.5788743109375 0.771484375 0.6495061921875 0.791015625 0.756989484375 0.80078125 0.8368342171875 0.8046875 0.9258918046875 0.81640625 0.9780979750000001 0.8251953125 0.9980591593750001 0.888671875 0.9965236828125 0.8984375 0.9596722671875 0.8984375 0.8921113390625001 0.8828125 0.7631313875 0.8759765625 0.7523830578124999
2 0.693359375 0.8245504125 0.66796875 0.7600604375 0.6513671875 0.7308863999999999 0.6474609375 0.7308863999999999 0.6259765625 0.7738797171875 0.6103515625 0.78002161875 0.59765625 0.7692732890625 0.58984375 0.7385637765624999 0.5849609375 0.7370283015625 0.583984375 0.8276213640625001 0.626953125 0.91667895 0.6552734375 0.96120774375 0.6806640625 0.99191725625 0.6953125 0.9965236828125 0.7041015625 0.99191725625 0.7109375 0.9750270249999999 0.708984375 0.9228208515625 0.693359375 0.8245504125
2 0.623046875 0.26256633281249997 0.623046875 0.3055596515625 0.654296875 0.39768818906250003 0.66015625 0.40075913906249994 0.671875 0.385404384375 0.705078125 0.2717791859375 0.7041015625 0.236463246875 0.623046875 0.26256633281249997
2 0.830078125 0.39154628593749996 0.7958984375 0.34087558906250004 0.7685546875 0.3163079796875 0.7314453125 0.297882271875 0.7001953125 0.2948113203125 0.67578125 0.3669786765625 0.6796875 0.3884753328125 0.7138671875 0.436075078125 0.7568359375 0.46064268906250005 0.787109375 0.46217816406249995 0.8037109375 0.4575717375 0.822265625 0.44068150624999997 0.833984375 0.41304294375 0.830078125 0.39154628593749996
2 0.0634765625 0 0.0205078125 0.039922365625 0 0.06909640312500001 0 0.1735087453125 0.01953125 0.1735087453125 0.0556640625 0.1719732703125 0.0966796875 0.1504766109375 0.1318359375 0.12283805 0.1494140625 0.098270440625 0.2001953125 0.055277121875 0.205078125 0.0445287921875 0.1748046875 0.0337804640625 0.1494140625 0 0.0634765625 0
2 1 0.059883549999999994 0.9833984375 0.036851415625 0.8603515625 0.006141903125 0.8193359375 0.009212853125 0.8095703125 0.021496659374999998 0.7998046875 0.024567609375 0.7880859375 0.0184257078125 0.7548828125 0.021496659374999998 0.728515625 0.038386890624999996 0.7333984375 0.04606426875 0.7568359375 0.052206171875 0.7958984375 0.07677378124999999 0.8310546875 0.11669614843750001 0.8408203125 0.13819280625000002 0.875 0.1366573296875 0.9638671875 0.128979953125 0.9970703125 0.11669614843750001 1 0.1120897203125 1 0.059883549999999994