2 0.5088500546875 0.3385868515625 0.46319849375000005 0.32009885625 0.371961690625 0.314880340625 0.3026184140625 0.32377300625 0.2553385375 0.33786404999999997 0.2499148921875 0.3581543578125 0.25049082500000003 0.3631734140625 0.27634955 0.380660521875 0.3314231125 0.39811286875 0.46038107968749997 0.41506753124999995 0.5999129109375 0.4410246578125 0.6723057125 0.44831447031250005 0.7001988124999999 0.44715439999999995 0.7414459578125 0.43245587187499995 0.7436833640625 0.42077462812500005 0.7364987671875001 0.4101290296875 0.70196384375 0.389783821875 0.5088500546875 0.3385868515625
2 0.873254496875 0.3703205953125 0.843600440625 0.3405447578125 0.7760553531250001 0.3079455828125 0.712305590625 0.287635134375 0.59768365625 0.27609293125 0.5046155078125001 0.2964875234375 0.48861800000000005 0.307775365625 0.487702328125 0.32058191875 0.48753245625 0.329494725 0.5001738546875 0.33572875 0.6555664796875 0.375189575 0.7219597046875 0.39775063906249997 0.7417856984375 0.41463026249999996 0.7546632859375 0.4437089546875 0.781640715625 0.455355440625 0.81821001875 0.45705347031250004 0.8462729890625 0.446980596875 0.86433803125 0.4329243140625 0.88538628125 0.40329303593750004 0.873254496875 0.3703205953125
2 0.7514770484375 0.45231801875000005 0.7273461140624999 0.44988807968750005 0.6738304734375 0.45640570937499997 0.5776796390625 0.444739084375 0.495085875 0.4264999328125 0.37405830625 0.4162971203125 0.35467153281249997 0.4292280953125 0.353755859375 0.44203465 0.4009653421875 0.48449261874999994 0.4398383671875 0.506266878125 0.4681375296875 0.5190386703125001 0.5620509593749999 0.542386540625 0.6370872249999999 0.5519269687499999 0.6894841625 0.5512499625 0.75316760625 0.5398029375 0.8019390859375 0.517924396875 0.805668096875 0.49845565468749997 0.7992293015625 0.4839163078125 0.7850631421875 0.46959104375000005 0.7514770484375 0.45231801875000005
2 0.6370872249999999 0.5519269687499999 0.5141619921875 0.535579790625 0.45688418124999997 0.5456874265625 0.34341410781250004 0.5441833375 0.2872550015625 0.5484503484375 0.2463807609375 0.5612020015625 0.24282162187499998 0.571757940625 0.2452952140625 0.5829213625 0.2571908140625 0.593049134375 0.3247359015625 0.6256483125 0.3541537671875 0.6325794828125 0.4265465671875 0.6398692953125 0.4879926046875 0.640103515625 0.5950238859375 0.6270682578125 0.6571825640625 0.6075299937499999 0.7070727484375 0.5798108296875 0.7266293953125 0.5579670515624999 0.7284938984375 0.548232678125 0.6370872249999999 0.5519269687499999
2 0.2198838609375 0.41863188124999995 0.181653084375 0.43363415156249996 0.17887290625000002 0.4561750765625 0.18378693906250002 0.46262318281250003 0.2403852640625 0.48816676875000004 0.2811227921875 0.5002066562499999 0.33768795625000003 0.50987150625 0.46644289531250005 0.5198602359375 0.39530550937500003 0.48193826093750003 0.3728360515625 0.4628080203125 0.3497906625 0.4386587234375 0.3621958703125 0.42204808437499997 0.355587203125 0.41642154218750005 0.273399503125 0.41211425156250003 0.2198838609375 0.41863188124999995
2 0 0.45403832343749995 0.07333323124999999 0.4614228359375 0.16643454062500002 0.45690698125000007 0.1786698765625 0.4492091453125 0.17900961875000002 0.431383534375 0.2168674953125 0.4183281375 0.2643504 0.4112030265625 0.3533166421875 0.4122240515625 0.35612997812499997 0.40556186250000004 0.2789930171875 0.3829111390625 0.2540831203125 0.3684962140625 0.24161159531249998 0.353349384375 0.0946217453125 0.366329740625 0 0.3875143203125 0 0.45403832343749995
2 0 0.7262309984375 0.054680028125 0.7353795203125 0.156084634375 0.7356686406249999 0.2619972140625 0.7284740046875 0.2657593796875 0.7248840000000001 0.20089091718750002 0.7104141734375 0.1750321921875 0.6929270671875 0.1836420703125 0.6640276953125 0.2518003265625 0.6292181796875 0.161139453125 0.62901871875 0.10762381562500001 0.6355363484375001 0.046177778125 0.6353021265625001 0 0.642231396875 0 0.7262309984375
2 0.30135076875 0.6193246265625 0.23956498750000002 0.636916015625 0.1832691703125 0.6659745703125 0.1763539234375 0.6940523749999999 0.22125968281250002 0.71643411875 0.28687395000000004 0.72701019375 0.33625452031249997 0.7260294453125 0.4221712328125 0.71086799375 0.5001575468749999 0.6889546921874999 0.54215049375 0.670362415625 0.556453365625 0.6598961390625 0.5579449703125 0.6521086406250001 0.5437788109375 0.6377833765625 0.4265465671875 0.6398692953125 0.3511373984375 0.632275740625 0.30135076875 0.6193246265625
2 0.46914452500000003 0.7304812968750001 0.4826684375 0.7080300328125 0.46701067187499995 0.7014922640625 0.4349825 0.7081892140625 0.41108775625 0.72860394375 0.35892700624999996 0.752125615625 0.25565789843750003 0.7615708671875 0.1701140828125 0.77478544375 0.1539135484375 0.7791073578125001 0.1362214046875 0.791216765625 0.1439819328125 0.8068814203124999 0.15852099375 0.8192598109375 0.20379965625000002 0.8396946796875 0.235860984375 0.8488764671875 0.33011415624999996 0.854398725 0.41904723437499997 0.8395410140624999 0.425622740625 0.8292888203125001 0.41918394843750006 0.8147494734375 0.43535132499999996 0.794548825 0.46548183437499996 0.7817075109375 0.46243230625000004 0.7655250312499999 0.46914452500000003 0.7304812968750001
2 0.604027596875 0.8770202046875 0.5974189328125 0.8713936640625001 0.5551897968749999 0.8671412734375 0.40897890937500003 0.89210661875 0.3368554546875 0.923540209375 0.3184175125 0.9395433671875001 0.3186205421875 0.9465092984375 0.3307191671875 0.963603003125 0.4257283765625 0.9731702421874999 0.5279503328125 0.9672164921874999 0.597211825 0.9527342187500001 0.6192420640625 0.9420538609375001 0.6244958375 0.9306763578125 0.604027596875 0.8770202046875
2 0.4575473609375 0.8632621468749999 0.40928549218750004 0.858402271875 0.22908244843749997 0.8521627296875 0.10923989999999999 0.867876765625 0.0983262953125 0.8766999125 0.09171763125 0.8710733703125 0.098869065625 0.86584023125 0.0918875015625 0.8621605640625001 0.08680360000000001 0.8646252640625001 0.085887928125 0.8774318171875001 0.0923267203125 0.8919711625 0.13913014375 0.920497271875 0.18742516874999998 0.9412358828125 0.2564287046875 0.9501688265625001 0.3084527390625 0.9514386937499999 0.31655300625 0.9492777390624999 0.3187904140625 0.9375964921875 0.344006890625 0.918307071875 0.39277837031249996 0.89642853125 0.45720761562499995 0.8810877578125 0.46981585625 0.8714430468750001 0.4575473609375 0.8632621468749999
2 0.736987996875 0.8249230421875 0.741835709375 0.799613678125 0.73766748125 0.789271821875 0.6951358390625 0.7304172921875 0.6758857796875 0.718556725 0.6460950125 0.7135724296875 0.615081990625 0.7550990328125 0.592881878125 0.7746921984374999 0.5927120078125 0.7836050015625 0.6050136625 0.8076646390625 0.6066710609375 0.879270821875 0.613888815625 0.9057951546874999 0.636967365625 0.9458231874999999 0.657539159375 0.9588090625 0.662948325 0.9593537546875 0.6675829171875 0.9590838203125 0.7349163859375001 0.9159979671875 0.7536940703125 0.8821692000000001 0.7540006546875 0.8484648546875 0.736987996875 0.8249230421875
2 0.8085809093749999 0.5394296749999999 0.7825523109375 0.530855371875 0.7318831671875 0.5465895484375001 0.7300186625 0.55632391875 0.7033105796875 0.5834008359375 0.699005640625 0.5978505234375 0.6966978390625 0.66608078125 0.7046945546875001 0.7045901031249999 0.7274333609375 0.7624437453125 0.7397018578125001 0.7706246453125 0.7702384265625 0.77171519375 0.78623593125 0.76042735 0.7989808843749999 0.7259910984375 0.8158940625 0.7018967015625 0.8255894890625 0.6512779703125 0.82505079375 0.5738311640625 0.8220012671875001 0.5576486859374999 0.8085809093749999 0.5394296749999999
2 0.8410814578125001 0.5784220578125 0.8320323578125001 0.5775108312499999 0.8265755562500001 0.5819224046875 0.8259623890625001 0.649331096875 0.8155211625 0.7038435765625 0.7986079828125 0.7279379734375 0.7817279609375001 0.7679111046875 0.7668491578125 0.773358325 0.746683421875 0.7743043125 0.745021946875 0.7910046125 0.7403772640625 0.823279909375 0.74417259375 0.8355686390624999 0.75945745625 0.8440532812500001 0.77792855625 0.843928859375 0.8029751640624999 0.83355224375 0.8492730500000001 0.80051028125 0.8932340546875001 0.73151335625 0.9205884609374999 0.65290648125 0.9212679453125 0.6172552609374999 0.912591746875 0.6143971609375 0.9154050828125 0.6077349703125 0.8410814578125001 0.5784220578125
2 0.969413484375 0.2053742484375 0.9274577734375 0.1515387765625 0.87933261875 0.12188735937499999 0.790706121875 0.1030407234375 0.7690487828125 0.1117742078125 0.7613545734375 0.127867025 0.8246941984375 0.22255209687500002 0.8326909140625001 0.2610614171875 0.8339754109375 0.334614475 0.8758979609375 0.3725712140625 0.8861320828125001 0.3993992875 0.8814542421875 0.41579584843750006 0.9031115796875 0.40706236406249996 0.9287009578125 0.38582606875000003 0.95652774375 0.3529085265625 0.9707974578125 0.326563515625 0.9827302906250001 0.2642635390625 0.969413484375 0.2053742484375
2 0.79240075625 0.10221915781249999 0.787486725 0.09577105 0.742005034375 0.06837025 0.7076731406250001 0.0549909734375 0.69259130625 0.0534722625 0.6682905015625 0.0599551296875 0.6587317859375 0.08578231875 0.6673044328125 0.1293106984375 0.69153484375 0.1793768421875 0.698143509375 0.185003384375 0.7332212078125 0.1944889125 0.7728400343749999 0.21236942343749998 0.803612790625 0.23630463750000003 0.8268612078125 0.26741986406249996 0.827743725 0.238734575 0.8152390390625 0.20770900781249999 0.7592870390625001 0.130635465625 0.7585080796875 0.118650478125 0.79240075625 0.10221915781249999
2 0.4044497890625 0 0.42054236874999995 0.0211164109375 0.5638986078125 0.163547490625 0.5774888406249999 0.1728536984375 0.592197771875 0.17631928125000002 0.65062744375 0.1762497609375 0.6621169796874999 0.1724456734375 0.677165653125 0.1580856484375 0.6589679765625001 0.1086269875 0.655139490625 0.0804595203125 0.5890196890625 0.008315373437499999 0.579818728125 0 0.4044497890625 0
2 0.49787828437500004 0.1390395515625 0.44395658437499996 0.13162531875 0.40023584687499997 0.135160425 0.351261334375 0.150073034375 0.33563673125000004 0.159414003125 0.3354668578125 0.168326809375 0.337940453125 0.1794902296875 0.369865071875 0.2134635578125 0.3811847359375 0.218572275 0.41473767187500005 0.219966565625 0.4460532 0.23304209999999997 0.4641514015625 0.234864553125 0.5031611375 0.2318472703125 0.49936581249999995 0.21955854062500002 0.5083817515625 0.20459103125000003 0.578437671875 0.1759258796875 0.5355994468749999 0.150775696875 0.49787828437500004 0.1390395515625
2 0.30344276406250004 0.08671727343749999 0.30327289375 0.09563007812499999 0.323877846875 0.12449468906250001 0.358412771875 0.144839896875 0.41304711562499996 0.1324816453125 0.4409402171875 0.13132157656250001 0.5229580484375 0.144541671875 0.5153673953125 0.11996421093750001 0.490051440625 0.091617425 0.4728689140625 0.0769884171875 0.42948791562500005 0.0626979140625 0.38725878125 0.058445525 0.35899278125 0.0615524671875 0.30344276406250004 0.08671727343749999
2 0.353701771875 0.1453577203125 0.3146257171875 0.11661753125 0.24711378593750002 0.09989709062499999 0.1566227859375 0.0907848234375 0.07070607031250001 0.1059462765625 0.0577249328125 0.1175378625 0.056809259375 0.13034441562500002 0.062299218749999996 0.1418115796875 0.07456771718750001 0.149992478125 0.155296975 0.1779660015625 0.21979253906250001 0.1943827 0.2827633390625 0.20270816093750002 0.34048036718749997 0.222411125 0.366678834375 0.2220726203125 0.3681704375 0.2142851234375 0.349666178125 0.198530809375 0.3315016609375 0.164950884375 0.3401447015625 0.1519302484375 0.353701771875 0.1453577203125
2 0.07439696875 0 0.05935324843749999 0.084958825 0.08463604218750001 0.097426875 0.099717878125 0.09894558437499999 0.14116805 0.0912129875 0.178110253125 0.090964146875 0.25013015312500003 0.10020083125000001 0.313303984375 0.115492221875 0.30384882343749997 0.1006491359375 0.23833811093750001 0.04940278125 0.163235525 0.0081048796875 0.14207070156249998 0 0.07439696875 0
2 0.177652375 0 0.1983132234375 0.017590409374999998 0.2624690453125 0.0518327171875 0.3058832 0.0820019578125 0.3653984140625 0.060213078125 0.38424241718749996 0.0581417828125 0.4311825515625 0.06187634843749999 0.432301253125 0.0560357265625 0.4145427953125 0.0363876625 0.37180359687500003 0 0.177652375 0
2 0.0123677234375 0.330264978125 0.0825231203125 0.3492360359375 0.19826375937500001 0.3549376140625 0.2389681296875 0.35109876562500003 0.24855999999999998 0.3411503125 0.2705902421875 0.33046995625000003 0.30902404843750003 0.322433615625 0.32125938593750003 0.3147357796875 0.22599106562500001 0.274383865625 0.20975737187500001 0.26282704218749997 0.050295995312499994 0.26066056875 0.023351721875000002 0.2648928203125 0.0123677234375 0.330264978125
2 0.1741741375 0.19177344375 0.1592953328125 0.1972206640625 0.15461749062500002 0.213617221875 0.20975737187500001 0.26282704218749997 0.2429705640625 0.2820469421875 0.32634328749999997 0.31227108124999997 0.347084953125 0.31634415 0.3582015890625 0.3144869359375 0.3449179421875 0.27147638281250003 0.34939275468750003 0.248113890625 0.360679259375 0.23734387343750002 0.357459865625 0.2300742 0.27673060625 0.20210067656250003 0.192645240625 0.191649021875 0.1741741375 0.19177344375
2 0.345696903125 0.2834613703125 0.3629125875 0.31396911250000004 0.4618767609375 0.3189735484375 0.4606917390625 0.2930566984375 0.474215653125 0.270605434375 0.454559528125 0.24481300468749997 0.4203975046875 0.22252092499999998 0.396266571875 0.22009098593749998 0.3648143296875 0.23180699218749998 0.34827405 0.253954515625 0.3469854765625 0.2687079421875 0.345696903125 0.2834613703125
2 0 0.8271101546875 0.0213260484375 0.8292576453124999 0.1509966578125 0.8264398234374999 0.1628590953125 0.8206888609374999 0.14360903125 0.8088282953125001 0.13415387031249998 0.79398520625 0.13564547656249998 0.786197709375 0.15428645000000002 0.7771604828124999 0.26206353125000004 0.7602314765625 0.3178497359375 0.757911340625 0.3592999078125 0.7501787421875 0.401292853125 0.731586465625 0.412952259375 0.7188695734375 0.3995650625 0.7165292953125 0.3547256203125 0.725905025 0.2838575796875 0.7267064515625 0.1745557375 0.7355442171875 0.094265696875 0.73738129375 0.006045259375 0.73246651875 0 0.733202765625 0 0.8271101546875
2 0 0.6356711234375 0.027333774999999998 0.6373734234375 0.12684071875 0.631518178125 0.1950321296875 0.6125874 0.2268572734375 0.59892451875 0.227603075 0.5950307703125 0.1894758515625 0.5693627625000001 0.18642632812499998 0.553180284375 0.19940746874999998 0.5415886999999999 0.2310627375 0.536838625 0.2335031734375 0.532123309375 0.14470680625000001 0.5221894796875 0.04902835 0.5562121906249999 0 0.57998135 0 0.6356711234375
2 0.650031128125 0.6127631328125 0.5535737109375 0.6348008546874999 0.5494386421875 0.6403377359375 0.56228306875 0.6535376921875 0.6675493218749999 0.6978730140625 0.7024239890625 0.7003926125 0.6922602625 0.617015521875 0.650031128125 0.6127631328125
2 0.472160890625 0.7307850390625 0.46487274375 0.7608097171875 0.46622763593750005 0.7778137609375 0.47927509218750003 0.79797965 0.5041849875 0.8123945734375001 0.52604535625 0.8106270203125 0.582341175 0.7815684671875001 0.611692721875 0.756742165625 0.6368760421874999 0.7215740078125 0.645858825 0.6907277625 0.5796354671875 0.65925389375 0.5577751 0.661021446875 0.5044956484374999 0.69038374375 0.472160890625 0.7307850390625
2 0.9028544625 0.10341950468750001 0.923289546875 0.1411969203125 0.9440643703125 0.1611487265625 0.9765980796875 0.21601984531250001 0.9862231109374999 0.2219501296875 0.9904803546875 0.2143635953125 0.9974521921875 0.014716290625 0.8986903109375 0.0047711625 0.8949613015625 0.024239906250000002 0.8895708171875001 0.060408949999999996 0.9028544625 0.10341950468750001
2 0.892281146875 0.8167476593749999 0.9005512843749999 0.8056739 0.903874234375 0.7722732953125 0.89231838125 0.7443199109374999 0.8838452109375 0.7484277406250001 0.873337665625 0.771182746875 0.8417487124999999 0.80769029375 0.795823728125 0.8387853812499999 0.77284465625 0.8463935593749999 0.7678270734375 0.880615728125 0.7601168859375 0.9536943296875 0.8681002859375001 0.9474050125 0.8988194140625 0.8789232140625 0.9036339703125 0.8377351125000001 0.8934330062500001 0.8267857734374999 0.892281146875 0.8167476593749999