3 0.5673828125 0.669921875 0.5919921875 0.662109375 0.6111328125 0.6484375 0.6330078125 0.64453125 0.648046875 0.6337890625 0.691796875 0.5673828125 0.691796875 0.5458984375 0.6794921875 0.533203125 0.6111328125 0.515625 0.5865234375 0.515625 0.4552734375 0.54296875 0.3458984375 0.576171875 0.2748046875 0.60546875 0.24609375 0.6220703125 0.2078125 0.6669921875 0.210546875 0.6728515625 0.216015625 0.6728515625 0.210546875 0.6767578125 0.216015625 0.6923828125 0.2474609375 0.708984375 0.2994140625 0.720703125 0.4265625 0.7236328125 0.4880859375 0.712890625 0.5154296875 0.703125 0.5427734375 0.689453125 0.5673828125 0.669921875
3 0.8763671875 0.486328125 0.8052734375 0.482421875 0.7615234375 0.49609375 0.751953125 0.5048828125 0.751953125 0.5244140625 0.7765625 0.5439453125 0.7875 0.5673828125 0.806640625 0.5908203125 0.806640625 0.6416015625 0.8203125 0.6611328125 0.850390625 0.6884765625 0.844921875 0.7197265625 0.8736328125 0.744140625 0.8982421875 0.75390625 0.9201171875 0.7578125 0.96796875 0.7568359375 0.998046875 0.7548828125 0.9953125 0.5498046875 0.9720703125 0.525390625 0.8763671875 0.486328125
3 0 0.7509765625 0.019140625 0.7529296875 0.0669921875 0.7421875 0.1244140625 0.72265625 0.15859375 0.6845703125 0.18046875 0.6474609375 0.2255859375 0.62890625 0.24609375 0.6142578125 0.25703125 0.6025390625 0.284375 0.5439453125 0.284375 0.5263671875 0.2748046875 0.515625 0.2146484375 0.498046875 0.1654296875 0.50390625 0.0998046875 0.5234375 0.0396484375 0.55078125 0 0.5751953125 0 0.7509765625
3 0.527734375 0.5185546875 0.522265625 0.5185546875 0.511328125 0.4892578125 0.4689453125 0.4609375 0.4525390625 0.45703125 0.3677734375 0.443359375 0.3048828125 0.443359375 0.2474609375 0.453125 0.2201171875 0.462890625 0.199609375 0.4775390625 0.199609375 0.4833984375 0.2119140625 0.49609375 0.2638671875 0.509765625 0.281640625 0.5185546875 0.287109375 0.5439453125 0.276171875 0.5654296875 0.27890625 0.5712890625 0.3458984375 0.556640625 0.4169921875 0.552734375 0.5154296875 0.525390625 0.527734375 0.5185546875
3 0.4634765625 0.81640625 0.4853515625 0.8125 0.5345703125 0.791015625 0.5865234375 0.787109375 0.6412109375 0.763671875 0.675390625 0.7412109375 0.708203125 0.6982421875 0.708203125 0.6826171875 0.6767578125 0.662109375 0.6138671875 0.65234375 0.5865234375 0.66796875 0.5701171875 0.671875 0.5181640625 0.705078125 0.4333984375 0.724609375 0.2966796875 0.72265625 0.2392578125 0.708984375 0.2146484375 0.6953125 0.1982421875 0.6953125 0.150390625 0.7236328125 0.13671875 0.7490234375 0.139453125 0.7724609375 0.2009765625 0.8203125 0.2447265625 0.830078125 0.2734375 0.8310546875 0.3212890625 0.830078125 0.3404296875 0.822265625 0.3923828125 0.82421875 0.4634765625 0.81640625
3 0.9009765625 0.90234375 0.9255859375 0.890625 0.9638671875 0.884765625 0.9953125 0.8662109375 0.998046875 0.7666015625 0.9912109375 0.759765625 0.9173828125 0.759765625 0.8873046875 0.75390625 0.8708984375 0.74609375 0.8490234375 0.748046875 0.7779296875 0.787109375 0.7341796875 0.794921875 0.7150390625 0.802734375 0.713671875 0.8154296875 0.6849609375 0.837890625 0.6138671875 0.87109375 0.5755859375 0.87890625 0.56875 0.8876953125 0.571484375 0.9052734375 0.6001953125 0.923828125 0.6220703125 0.931640625 0.6904296875 0.947265625 0.76015625 0.9462890625 0.8080078125 0.939453125 0.8517578125 0.919921875 0.8681640625 0.90625 0.9009765625 0.90234375
3 0.7109375 0.8134765625 0.7095703125 0.796875 0.7587890625 0.791015625 0.7861328125 0.78125 0.82578125 0.7490234375 0.833984375 0.7216796875 0.84765625 0.7021484375 0.84765625 0.6904296875 0.839453125 0.6806640625 0.8189453125 0.66796875 0.7724609375 0.65625 0.7013671875 0.666015625 0.7109375 0.6845703125 0.7109375 0.7001953125 0.6890625 0.7197265625 0.675390625 0.7451171875 0.6439453125 0.763671875 0.5892578125 0.7890625 0.5373046875 0.79296875 0.4744140625 0.81640625 0.37734375 0.8291015625 0.371875 0.8583984375 0.3923828125 0.873046875 0.538671875 0.8798828125 0.5646484375 0.87890625 0.6220703125 0.865234375 0.697265625 0.8271484375 0.7109375 0.8134765625
3 0.8244140625 0.072265625 0.809375 0.0830078125 0.806640625 0.1025390625 0.812109375 0.1142578125 0.8599609375 0.154296875 0.8763671875 0.162109375 0.9255859375 0.169921875 0.9666015625 0.185546875 0.998046875 0.1884765625 0.998046875 0.0712890625 0.9939453125 0.068359375 0.8517578125 0.06640625 0.8244140625 0.072265625
3 0.82578125 0.1279296875 0.809375 0.1142578125 0.7984375 0.0927734375 0.7669921875 0.080078125 0.6822265625 0.076171875 0.6630859375 0.08203125 0.642578125 0.1005859375 0.62890625 0.1337890625 0.62890625 0.1455078125 0.648046875 0.1787109375 0.6685546875 0.193359375 0.7013671875 0.203125 0.7259765625 0.203125 0.762890625 0.2119140625 0.7779296875 0.208984375 0.8203125 0.1787109375 0.82578125 0.1689453125 0.82578125 0.1279296875
3 0.634375 0.0908203125 0.6220703125 0.08203125 0.5810546875 0.0703125 0.5455078125 0.04296875 0.5208984375 0.048828125 0.5072265625 0.05859375 0.4771484375 0.068359375 0.46484375 0.0771484375 0.459375 0.0888671875 0.42109375 0.1181640625 0.401953125 0.1435546875 0.41015625 0.1572265625 0.4361328125 0.171875 0.4607421875 0.1796875 0.4921875 0.1787109375 0.5345703125 0.169921875 0.6138671875 0.140625 0.634375 0.1162109375 0.634375 0.0908203125
3 0.8927734375 0.1875 0.8599609375 0.201171875 0.84765625 0.2119140625 0.83671875 0.2333984375 0.853125 0.2607421875 0.8791015625 0.2734375 0.9228515625 0.28125 0.998046875 0.3037109375 0.998046875 0.2001953125 0.9884765625 0.1953125 0.9255859375 0.185546875 0.8927734375 0.1875
3 0.7341796875 0.20703125 0.6986328125 0.205078125 0.6576171875 0.19140625 0.6220703125 0.154296875 0.5755859375 0.166015625 0.546875 0.1806640625 0.54140625 0.1884765625 0.54140625 0.2119140625 0.546875 0.2216796875 0.5646484375 0.234375 0.6330078125 0.2578125 0.669921875 0.2587890625 0.7205078125 0.244140625 0.741015625 0.2294921875 0.74375 0.2138671875 0.7341796875 0.20703125