2 0.5615234359375 0.0973811640625 0.4990234359375 0.0952171359375 0.40234375 0.1915162859375 0.3671875 0.2564370609375 0.359375 0.33650601406249997 0.375 0.34949016875 0.4443359359375 0.313783746875 0.4902343734375 0.2629291359375 0.5703125 0.11793940781250001 0.5615234359375 0.0973811640625
2 0.6240234359375 0.10387323906249998 0.5722656265625 0.12010343125 0.49609375 0.2629291359375 0.4902343734375 0.368966403125 0.51953125 0.381950559375 0.5488281265625 0.36247432343749997 0.62890625 0.2304687515625 0.640625 0.1374156390625 0.6240234359375 0.10387323906249998
2 0.4189453140625 0.0714128546875 0.3076171859375 0.1428257046875 0.2558593734375 0.2391248546875 0.2597656265625 0.2650931640625 0.28515625 0.27591329062500003 0.3642578140625 0.24453492031250001 0.5078125 0.0833149953125 0.4677734359375 0.064920775 0.4189453140625 0.0714128546875
2 0.6826171859375 0.11252934218749999 0.6484375 0.12443148281250001 0.6191406265625 0.28456939375 0.6269531265625 0.366802375 0.65234375 0.375458478125 0.7050781265625 0.3105377046875 0.7324218734375 0.22397667187499998 0.7246093734375 0.1547278453125 0.6826171859375 0.11252934218749999
2 0.7138671859375 0.10820129062499999 0.7050781265625 0.12226745937500001 0.734375 0.187188234375 0.734375 0.3191938078125 0.7578125 0.40142678906249996 0.7792968734375 0.40575484062499995 0.8125 0.3538182203125 0.8222656265625 0.23263277499999999 0.7871093734375 0.15039979375 0.7138671859375 0.10820129062499999
2 0.7167968734375 0.1006272015625 0.7890625 0.1482357703125 0.8818359359375 0.2921434828125 0.9150390640625 0.32027582187500003 0.9472656265625 0.3191938078125 0.96484375 0.22830472343750002 0.9033203140625 0.11902141718749999 0.8154296859375 0.0779049296875 0.7167968734375 0.1006272015625
2 0.2675781265625 0.3018816015625 0.24609375 0.3906066625 0.27734375 0.4122469203125 0.2949218734375 0.40359081718749995 0.3544921859375 0.2531910234375 0.3037109359375 0.26401115 0.2675781265625 0.3018816015625
2 0.3574218734375 0.3300139390625 0.3642578140625 0.26401115 0.31640625 0.3256858875 0.296875 0.39926276562499996 0.3300781265625 0.4295591265625 0.4091796859375 0.3916886765625 0.44140625 0.3321779625 0.3701171859375 0.3505721828125 0.3574218734375 0.3300139390625
2 0.4873046859375 0.2769953046875 0.4199218734375 0.39277068593750003 0.4121093734375 0.451199384375 0.4433593734375 0.4750036671875 0.5029296859375 0.4414612671875 0.5390625 0.3862786109375 0.4902343734375 0.3711304265625 0.4873046859375 0.2769953046875
2 0.6201171859375 0.2596830984375 0.5449218734375 0.3970987375 0.5371093734375 0.47933171874999997 0.5683593734375 0.496643925 0.6347656265625 0.440379253125 0.6621093734375 0.3776225078125 0.625 0.3646383515625 0.6201171859375 0.2596830984375
2 0.65625 0.5117921078125 0.6875 0.5291043140625 0.7578125 0.425231075 0.7255859359375 0.2769953046875 0.65234375 0.41441094375 0.65625 0.5117921078125
2 0.2636718734375 0.4923158734375 0.2558593734375 0.6091732671875 0.2832031265625 0.62432145 0.3515625 0.5594006765625 0.3720703140625 0.4176569859375 0.3037109359375 0.4241490609375 0.2636718734375 0.4923158734375
2 0.3515625 0.49880795312500004 0.35546875 0.5767128828125 0.390625 0.598353140625 0.421875 0.49015185 0.4150390640625 0.3981807515625 0.37890625 0.42090302343749997 0.3515625 0.49880795312500004
2 0.5322265640625 0.47608568125 0.4921875 0.481495746875 0.50390625 0.6676019671875 0.5449218734375 0.67842209375 0.59765625 0.57887690625 0.6044921859375 0.47608568125 0.5693359359375 0.4977259390625 0.5322265640625 0.47608568125
2 0.4394531265625 0.563728728125 0.3769531265625 0.6113372953125 0.3691406265625 0.74334286875 0.4003906265625 0.762819103125 0.46484375 0.697898328125 0.4941406265625 0.63730560625 0.4794921859375 0.4933978875 0.4394531265625 0.563728728125
2 0.2519531265625 0.63730560625 0.234375 0.7476709203125 0.2636718734375 0.77147520625 0.3652343734375 0.6654379390625 0.3730468734375 0.60700924375 0.3486328140625 0.5777948921875 0.2519531265625 0.63730560625
2 0.1943359359375 0.5583186625 0.171875 0.587533009375 0.1542968734375 0.7065544312500001 0.1855468734375 0.728194690625 0.23828125 0.6762580703125 0.25390625 0.6308135265625 0.2470703140625 0.536678403125 0.1943359359375 0.5583186625
2 0.2392578140625 0.385196596875 0.2128906265625 0.3970987375 0.15625 0.49015185 0.1464843734375 0.546416521875 0.171875 0.570220803125 0.25 0.5269402859375 0.2919921859375 0.41332892968749996 0.2587890640625 0.41549295781250006 0.2392578140625 0.385196596875
2 0.7734375 0.42306704687499996 0.7675781265625 0.4858237984375 0.7988281265625 0.5117921078125 0.8515625 0.4360512015625 0.8447265640625 0.361392309375 0.8154296859375 0.361392309375 0.7734375 0.42306704687499996
2 0.7675781265625 0.50746405625 0.7753906265625 0.6026811921874999 0.8183593734375 0.6308135265625 0.86328125 0.5507445734374999 0.8525390640625 0.4501173703125 0.8056640640625 0.51071009375 0.7675781265625 0.50746405625
2 0.7822265640625 0.6340595687499999 0.765625 0.7087184546875 0.7949218734375 0.8904966249999999 0.8300781265625 0.899152728125 0.87109375 0.8299039015625 0.8769531265625 0.7671471546874999 0.8378906265625 0.669765990625 0.7822265640625 0.6340595687499999
2 0.3076171859375 0.09305310781250001 0.2783203140625 0.073576878125 0.2519531265625 0.0984631734375 0.1855468734375 0.22181264843749998 0.1962890640625 0.2488629671875 0.22265625 0.2564370609375 0.2558593734375 0.2369608265625 0.28125 0.169876028125 0.3798828140625 0.0779049296875 0.3076171859375 0.09305310781250001