1 0.5451113578125 0.2265625015625 0.5036487468749999 0.2265625015625 0.43779636875000005 0.2460937484375 0.3780414328125 0.2939453109375 0.34633473124999997 0.3876953109375 0.360968596875 0.4267578125 0.4256014828125 0.4863281234375 0.5341359609375 0.5029296890625 0.6390119703125 0.4560546890625 0.670718671875 0.3505859359375 0.6304755515625 0.2734374984375 0.5451113578125 0.2265625015625
1 0.2499951390625 0.2421874984375 0.13292424375 0.2421874984375 0.04146260625 0.3095703109375 0.014633860937500002 0.3779296890625 0.021950790625 0.4287109359375 0.0512185171875 0.4736328125 0.106095496875 0.5078125015625 0.2609705375 0.5166015625 0.30243314374999997 0.4892578125 0.3365788265625 0.4248046890625 0.326822915625 0.3076171875 0.2499951390625 0.2421874984375
1 0.27926286562499997 0 0.007316929687499999 0.008789064062500001 0.0024389750000000003 0.0986328125 0.021950790625 0.1455078125 0.102437034375 0.2255859359375 0.13658271093750002 0.2373046890625 0.2499951390625 0.2207031234375 0.29999416874999996 0.1787109359375 0.317067009375 0.07519531093750001 0.27926286562499997 0
1 0.3597491046875 0 0.321944965625 0.0595703109375 0.3365788265625 0.1611328125 0.3792609203125 0.2070312515625 0.4902343734375 0.2236328125 0.5475503328125 0.208984375 0.6170611796875 0.1572265625 0.6292560640625 0.09082031093750001 0.6121832234375 0.043945310937499996 0.56706215 0 0.3597491046875 0
1 0.662182253125 0 0.6438899250000001 0.0888671875 0.6804745828125001 0.1669921875 0.7597413328125 0.2167968765625 0.8316911546875 0.2236328125 0.9609569359375 0.1728515625 0.9780297718750001 0.08691406406249999 0.9390061390625 0.008789064062500001 0.662182253125 0
1 0.9451035828125001 0.2734374984375 0.8475445031250001 0.2480468765625 0.77925315 0.2636718765625 0.7194982140625 0.3037109359375 0.6877915125 0.3486328125 0.6780356015625 0.4345703109375 0.7597413328125 0.5175781234375 0.8707147859375001 0.5302734375 0.9597374484375001 0.4921874984375 0.9877856812499999 0.4599609359375 0.9975415875 0.3388671875 0.9451035828125001 0.2734374984375
1 0.901202 0.552734375 0.8353496171874999 0.5351562515625 0.7499854234375001 0.5429687484375 0.6780356015625 0.5888671875 0.6560848109374999 0.6572265625 0.668279696875 0.7216796890625 0.7597413328125 0.802734375 0.875592740625 0.8134765625 0.91339688125 0.8007812515625 0.9951026125 0.7255859359375 0.9975415875 0.6337890640625 0.901202 0.552734375
1 0.5951103875 0.5771484375 0.5524282890625 0.5390625015625 0.49633181562499995 0.525390625 0.4256014828125 0.5292968765625 0.371943990625 0.5546874984375 0.319505984375 0.6220703109375 0.3536516609375 0.7412109359375 0.38657785 0.7675781234375 0.45608869687500003 0.7763671875 0.5524282890625 0.7539062515625 0.6195001546875 0.7021484375 0.624378109375 0.6318359359375 0.5951103875 0.5771484375
1 0.196337646875 0.515625 0.110973453125 0.515625 0.0499990296875 0.5390625015625 0.0048779546875 0.5849609359375 0.0024389750000000003 0.6826171875 0.0792667515625 0.7578125015625 0.18292327343749998 0.7744140640625 0.3073111 0.7197265625 0.3121890546875 0.6103515625 0.2646290046875 0.541015625 0.196337646875 0.515625
1 0.113412428125 0.7988281234375 0.029267721875000003 0.8603515625 0.007316929687499999 0.9248046890625 0.025609259375 1 0.3097500796875 0.9990234375 0.319505984375 0.8974609359375 0.23048332343750003 0.8046874984375 0.186581740625 0.791015625 0.113412428125 0.7988281234375
1 0.5182826125 0.787109375 0.449991253125 0.7832031234375 0.363407571875 0.8271484375 0.3292618953125 0.8916015625 0.3365788265625 0.9619140640625 0.362188084375 1 0.621939134375 0.9990234375 0.6463289 0.9638671875 0.6341340203125 0.8623046890625 0.5890129453124999 0.8164062515625 0.5182826125 0.787109375
1 0.663401740625 0.8779296890625 0.667060209375 1 0.9536400046875 0.9990234375 0.9463230749999999 0.9130859359375 0.8890071140625 0.8300781234375 0.745107471875 0.818359375 0.663401740625 0.8779296890625