2 0.9154338015624999 0.4757950953125 0.9324687390624999 0.462293615625 0.9158857953125 0.40112660624999996 0.7949514093750001 0.33061559375 0.722381953125 0.31220939062499997 0.6434880656249999 0.32399938906250003 0.635735596875 0.3423014109375 0.6905705515625 0.40093960781250004 0.7528957125 0.433171821875 0.9154338015624999 0.4757950953125
2 0.9449131812499999 0.5245076734375 0.9139474328125001 0.47821373125 0.7546443578125 0.43885715000000003 0.6515023078125 0.4588245578125 0.64783000625 0.49039234374999996 0.67519650625 0.51410725 0.8253190734375 0.5598716734375 0.9177942484375 0.548730740625 0.9449131812499999 0.5245076734375
2 0.914749446875 0.3176683703125 0.8132398656250001 0.22692349531249997 0.7057117468749999 0.199999984375 0.6820464734375 0.2100725078125 0.679277665625 0.23732654531250003 0.7328885234375 0.306487340625 0.9298896515624999 0.406775209375 0.9355292390625 0.3634755125 0.914749446875 0.3176683703125
2 0.9541226046875 0.5834550390625 0.9325412921874999 0.553170025 0.77067334375 0.563484259375 0.6943732484375 0.5909586546875001 0.6936736921875 0.61768916875 0.7714890796875 0.6531513515625 0.8624195390624999 0.6587418640625 0.926304115625 0.6344086203125 0.9541226046875 0.5834550390625
2 0.9490948203125 0.6940050531249999 0.9675872109375 0.6127297296875 0.9515141 0.6076046578125001 0.898179725 0.6517370453125 0.7719552843749999 0.683672084375 0.7003182406249999 0.7263073484375 0.7025914265625001 0.7482005953125 0.762162484375 0.767852840625 0.880955065625 0.7480109749999999 0.9490948203125 0.6940050531249999
2 1 0.6565769984375 0.9757039171875 0.6137400546875 0.951746953125 0.6953766390625 0.8418284828125 0.820208734375 0.8248371703125 0.8592314156249999 0.8354893375 0.8902389484375 0.9276439 0.8853068671875001 1 0.8129529312500001 1 0.6565769984375
2 0.546583190625 0.2627282015625 0.560106134375 0.277690078125 0.721697103125 0.29910589375 0.6961959281250001 0.25245069062500003 0.649200696875 0.22655287031250002 0.557949621875 0.22717120781250003 0.546583190625 0.2627282015625
2 0.649112940625 0.320533703125 0.7142652468749999 0.3111990671875 0.641010940625 0.27968936875 0.5648275218750001 0.2785381375 0.5457669593750001 0.31808434218750004 0.6055855765625 0.38567455625 0.6721075828124999 0.402546909375 0.633243765625 0.3378254 0.649112940625 0.320533703125
2 0.6077568015625 0.3963594171875 0.5495554406250001 0.4029141625 0.5361197546875001 0.43899468124999996 0.58597105625 0.48868086093749996 0.6495203125 0.5103904828125 0.6494330578125 0.4593480828125 0.7385712453125 0.433732071875 0.6077568015625 0.3963594171875
2 0.6409226921875 0.5186934328125 0.5599595484375001 0.5310069562499999 0.5527316234375 0.5655169 0.6263501687499999 0.616338946875 0.694518840625 0.6276882374999999 0.69585961875 0.5885400187500001 0.79476119375 0.5584112718750001 0.6409226921875 0.5186934328125
2 0.8096827531249999 0.6649353515625 0.6564271359375 0.6271126234375 0.5644765046875 0.6544614765625 0.5572485796875 0.68897141875 0.6775564546874999 0.7320661265624999 0.8096827531249999 0.6649353515625
2 0.345545028125 0.3197190015625 0.4280234640625 0.370342053125 0.569679796875 0.35594979375 0.5430711968749999 0.2911915578125 0.4659406578125 0.26883287031249997 0.351869465625 0.289522796875 0.345545028125 0.3197190015625
2 0.4024345328125 0.4176676828125 0.5152232890625 0.4218131625 0.6011264640625 0.3929304609375 0.5686160015625 0.3633679609375 0.4859625515625 0.3556833453125 0.4126352015625 0.378320471875 0.4024345328125 0.4176676828125
2 0.544484025 0.48794298124999996 0.3700255421875 0.544336803125 0.371919784375 0.5867517125 0.48284322187499995 0.6138374921875001 0.5831728296875001 0.5956029234375 0.5519884359375 0.5667262171874999 0.561606225 0.5254839 0.544484025 0.48794298124999996
2 0.385938846875 0.40754307343749996 0.25738288125 0.4318976765625 0.24808570156249998 0.46693114687500004 0.329398375 0.5137639796875 0.39608068125 0.5275319078125 0.5293144062499999 0.478504159375 0.4501146140625 0.4566690015625 0.385938846875 0.40754307343749996
2 0.1990070015625 0.336367625 0.33071023125 0.40926054843750004 0.3889115890625 0.40270580312500004 0.4095604953125 0.3719493546875 0.323803409375 0.2925384109375 0.2130255703125 0.302182215625 0.1990070015625 0.336367625
2 0.3474981046875 0.20279786562500002 0.2284432484375 0.21453577343750002 0.21707681562499997 0.2500927671875 0.282476684375 0.2886961015625 0.3305940515625 0.29286294218750003 0.4185664796875 0.263456715625 0.382136153125 0.21752402656249997 0.3474981046875 0.20279786562500002
2 0.5610826734375001 0.21922951406250002 0.541832884375 0.1965249328125 0.4359514421875 0.1640783609375 0.379236453125 0.168214471875 0.364052128125 0.1986096640625 0.428752440625 0.2639435140625 0.549920178125 0.277203278125 0.5379419421875 0.24550995625 0.5610826734375001 0.21922951406250002
2 0.6070268343749999 0.7928044234375 0.6951884890625 0.8256489765625 0.7645376390624999 0.8009544765625 0.7557944203125 0.772527840625 0.684288759375 0.746703471875 0.6225317718750001 0.7562003796875 0.6070268343749999 0.7928044234375
2 0.4990467234375 0.8405493953125 0.58901535625 0.8647664671875 0.6820297828124999 0.829999446875 0.610101546875 0.7991755406250001 0.601839240625 0.76143563125 0.513123628125 0.7920511765625 0.4990467234375 0.8405493953125
2 0.40881582187500004 0.8082283671875 0.24374177343749998 0.8806311171875001 0.2459566234375 0.9168371796875 0.32441323125 0.9398816562500001 0.3861702125 0.930384753125 0.46762898125 0.868923940625 0.48515954062500005 0.8062751734375 0.40881582187500004 0.8082283671875
2 0.8968840671875 0.28133676875 0.8608326906249999 0.2148824140625 0.8707127484375 0.1817440578125 0.8390474421875 0.162180628125 0.7012820484375 0.1275878640625 0.6786222359375 0.1445550296875 0.6792487421875 0.1719713375 0.7077810046875 0.1994764578125 0.7795053046875 0.20788359218750002 0.8968840671875 0.28133676875