2 0.5663517765625 0.1364530046875 0.55673040625 0.11573187968750001 0.49417718437499997 0.112475421875 0.40147319374999996 0.2071302734375 0.3689804203125 0.271466790625 0.364433021875 0.3514359171875 0.3805780640625 0.3646988671875 0.44842116093750006 0.33018693906249996 0.4922229546875 0.28011060625 0.5663517765625 0.1364530046875
2 0.6194598828125 0.12331836249999999 0.568391940625 0.1386521265625 0.4980790578125 0.2802129296875 0.4965412296875 0.3861963484375 0.5263505109375 0.399698053125 0.554837871875 0.3807245265625 0.6294954609375 0.2500570171875 0.637418159375 0.157166009375 0.6194598828125 0.12331836249999999
2 0.413174378125 0.08726185 0.3048166546875 0.15676321875000002 0.257009446875 0.2522025421875 0.26197105625 0.2782509390625 0.2877881375 0.289519409375 0.3655676671875 0.25950804843749997 0.5024766359374999 0.1007213234375 0.46171084531249995 0.081619490625 0.413174378125 0.08726185
2 0.67837341875 0.1330016484375 0.6446975265625 0.14431234843750002 0.6219384921875 0.304011853125 0.6330954953125 0.38641885625 0.65882445 0.3955223140625 0.70888553125 0.331492765625 0.732688884375 0.2453696671875 0.72206065 0.175952753125 0.67837341875 0.1330016484375
2 0.7843494859375 0.1727141640625 0.7094297093749999 0.1292173390625 0.701218390625 0.143136453125 0.73314274375 0.20859851875 0.7385185546875 0.3406644390625 0.7652918296875 0.4233443015625 0.786940459375 0.428049515625 0.8180099703125 0.3766689796875 0.8228349703125 0.2555986734375 0.7843494859375 0.1727141640625
2 0.7120493125 0.12169094843749999 0.7862133953125 0.1705832578125 0.88479553125 0.3161768640625 0.9191257796875 0.3449018921875 0.9512902796875 0.34438215781250003 0.96515720625 0.253758490625 0.899217665625 0.14335083906249999 0.8097016937499999 0.1006807171875 0.7120493125 0.12169094843749999
2 0.28553206875 0.4257789328125 0.3027478625 0.417425840625 0.35616000625 0.26799757031250004 0.30584775625 0.27793584843749997 0.27127736874999997 0.3151926234375 0.25341824218750003 0.4035830625 0.28553206875 0.4257789328125
2 0.3622166015625 0.3449067671875 0.3663608203125 0.27899318125 0.3210476296875 0.3398604796875 0.3045236421875 0.4131299171875 0.3389420171875 0.44401995625 0.41645715625 0.4075135484375 0.4462421984375 0.348538403125 0.37574203906250003 0.3656961078125 0.3622166015625 0.3449067671875
2 0.42723740781249997 0.40878364375 0.4218087296875 0.46710262187499996 0.45401068437500003 0.49146350625 0.512181740625 0.45894605312500003 0.546047109375 0.404369159375 0.49662935625 0.3883613609375 0.4898677359375 0.29413204375 0.42723740781249997 0.40878364375
2 0.5523438484375001 0.41529655468750004 0.5478845796875 0.4974306984375 0.57982215 0.5152965375 0.643899984375 0.46016579999999996 0.668672746875 0.397857871875 0.63105533125 0.3842197375 0.6219010328125 0.279131234375 0.5523438484375001 0.41529655468750004
2 0.7280159015625001 0.2982931609375 0.6604107546875 0.4344925875 0.6682805843749999 0.531986484375 0.7002181546874999 0.5498523234375 0.7662612390625 0.4471594703125 0.7280159015625001 0.2982931609375
2 0.30002472187499996 0.638052734375 0.3657020734375 0.574296046875 0.380426046875 0.43284568593749995 0.3123692328125 0.438146965625 0.275128565625 0.5056457375 0.27207934375 0.6224201218750001 0.30002472187499996 0.638052734375
2 0.40632906249999995 0.6139484656249999 0.43315520625000004 0.5062434312499999 0.4225776453125 0.4141109125 0.38739035781250003 0.4362125828125 0.3632344875 0.513675621875 0.3703111671875 0.59168438125 0.40632906249999995 0.6139484656249999
2 0.5030759234375 0.4988112421875 0.522367140625 0.6852071859375 0.5638004953125 0.6967485171875001 0.6124515296874999 0.5980787249999999 0.615097565625 0.495359884375 0.58084223125 0.5163960999999999 0.5428723046874999 0.4940979078125 0.5030759234375 0.4988112421875
2 0.3931935921875 0.626699803125 0.390761265625 0.75862929375 0.422786965625 0.7786601531249999 0.48456025 0.714835246875 0.511373178125 0.6547264375 0.490872403125 0.510497125 0.4537198671875 0.5801609140624999 0.3931935921875 0.626699803125
2 0.2864970828125 0.7849326859375 0.3836845859375 0.680620534375 0.389113265625 0.622301559375 0.36352311249999997 0.592647509375 0.26932094375000004 0.65049710625 0.25624716406250003 0.7606059046875 0.2864970828125 0.7849326859375
2 0.1872605953125 0.5993033484375 0.17453932968750002 0.7180722125 0.20665315624999997 0.7402680859374999 0.2572430078125 0.6892286234375 0.2710085921875 0.644036165625 0.260342903125 0.5497386328125 0.2085192578125 0.57046788125 0.1872605953125 0.5993033484375
2 0.2463658046875 0.398051146875 0.22049804687500002 0.40949827812499995 0.1676785609375 0.5016048109375 0.1602097171875 0.5577246671875 0.186555571875 0.581983228125 0.2628743765625 0.540047225 0.3002163875 0.42711724375 0.2671199375 0.428702434375 0.2463658046875 0.398051146875
2 0.8107790796875 0.5344763328125001 0.8603995187500001 0.4596217046875 0.8505269828124999 0.38480930625 0.8212464671875 0.3842976921875 0.781789384375 0.44526731406250003 0.7784889953125 0.5079504312500001 0.8107790796875 0.5344763328125001
2 0.8351464609375 0.6538932359375 0.876782509375 0.5745721515625 0.86194836875 0.47371135625000005 0.8175671343750001 0.5335132 0.7793702765625 0.5296005828125 0.791056046875 0.624997675 0.8351464609375 0.6538932359375
2 0.7856141484375 0.730912875 0.822297415625 0.9132857578125 0.8577865453125 0.9225597531249999 0.8959591640625 0.8539955265625 0.8992595546875 0.7913124140625001 0.856253109375 0.6932045828125 0.7991660234375 0.6565097734374999 0.7856141484375 0.730912875
2 0.37439808124999996 0.0930747421875 0.302789709375 0.10696786875 0.2727160484375 0.08697112343749999 0.24737705937499999 0.1114083421875 0.1860311953125 0.2336545515625 0.1978689859375 0.26090482812500004 0.22452989375 0.268942834375 0.2569213203125 0.250037525 0.279565796875 0.1833654578125 0.37439808124999996 0.0930747421875