1 0.648782325 0.46849011406249996 0.676176196875 0.3631790921875 0.6328137500000001 0.2857768796875 0.545588290625 0.23839322031250001 0.5041488359375 0.2381519375 0.43912863125 0.2573049265625 0.38135578125 0.30482090781250004 0.35348467499999997 0.3984102 0.36970115468750003 0.43756777812500003 0.4367238890625 0.49752933437499997 0.545873834375 0.514766709375 0.648782325 0.46849011406249996
1 0.3137436515625 0.49974301250000003 0.345245465625 0.43547222812499997 0.3307226453125 0.3181982 0.2512732125 0.2523048140625 0.134267703125 0.2516235421875 0.045601253125000005 0.31849121875 0.02157136875 0.386711828125 0.0309522328125 0.43754855 0.0620330171875 0.48265215 0.11827128437500001 0.5171598640624999 0.2734177515625 0.5268524218749999 0.3137436515625 0.49974301250000003
1 0.25039828124999997 0.23081498281249999 0.2986592890625 0.18910309375 0.3115070109375 0.0856605359375 0.27066171875 0.010226140625000001 0.00040507343750000003 0.0174035734375 0.002738453125 0.1176551234375 0.019419034374999998 0.15427351875 0.1031214375 0.23484034843749999 0.137725278125 0.24676078124999998 0.25039828124999997 0.23081498281249999
1 0.3790350890625 0.21789187656250003 0.490622646875 0.235143440625 0.5473100484375 0.2208248234375 0.6146742828125 0.169458375 0.62415801875 0.103106228125 0.605185771875 0.056119975 0.5594892046875 0.01302225625 0.4956365671875 0.01153606875 0.35110300625 0.0106945140625 0.3157459296875 0.07005995625 0.3345076609375 0.17173340312500002 0.3790350890625 0.21789187656250003
1 0.8318887187499999 0.2371304828125 0.9590142828125 0.187088578125 0.972577853125 0.10122861093749999 0.9303944453125 0.022856684375 0.8462206562500001 0.019696004687499997 0.6529143375 0.01519675 0.6387041671875 0.10123776874999998 0.6784499640625 0.17959550156249998 0.7597006953125 0.22987411406249997 0.8318887187499999 0.2371304828125
1 1 0.35056633593750003 0.9472660578125 0.28760779687500004 0.8487274546875 0.26164300156250003 0.7811105578124999 0.27687456093749996 0.7230195515625 0.31657605312500003 0.6931599625 0.3613248265625 0.686909228125 0.44722737031250004 0.7719497453125 0.5307317296875 0.8833782250000001 0.54407605625 0.97080015 0.5064984984375 0.99752031875 0.4744269734375 1 0.41213023125000003 1 0.35056633593750003
1 1 0.6365928203125 0.9147631140625 0.5667201109375 0.84823165625 0.548754309375 0.763233296875 0.556072028125 0.693192834375 0.6015634249999999 0.674038178125 0.6698124187500001 0.68885105 0.734352875 0.7835624828125 0.8159603843750001 0.8997866531250001 0.8273794750000001 0.9370526734375 0.8149009328125001 1 0.7550441140624999 1 0.6365928203125
1 0.4790056625 0.7878194546875 0.5743767453124999 0.7659134453124999 0.639303359375 0.7145328015625 0.6413151734375 0.6442308328124999 0.6098366984375 0.5893591328125 0.5656274234375 0.5510151453125001 0.5090055046875 0.5370133546875 0.4384737546875 0.540508996875 0.38588024062500004 0.565593815625 0.336215628125 0.6326885843750001 0.37519413125 0.7520581640625 0.40917570937500003 0.778623653125 0.4790056625 0.7878194546875
1 0.3284255484375 0.6209242796875001 0.278068415625 0.5512939718750001 0.20878119062499997 0.5254994921875 0.1234646734375 0.5250027328125 0.06347877656249999 0.5480913546874999 0.0202520765625 0.5937388703125001 0.0217914234375 0.6914057234375 0.101638553125 0.767067215625 0.205913265625 0.7842762015625 0.32800451875 0.730298665625 0.3284255484375 0.6209242796875001
1 0.3423515703125 1 0.34743067031249997 0.9081491328125001 0.25467961093749997 0.8148340890625001 0.2102457734375 0.8009032671874999 0.137435484375 0.8082919546875 0.055843262500000004 0.8693413515625 0.0365295265625 0.933683103125 0.055322365625 1 0.3423515703125 1
1 0.6613631109375 1 0.6767753859375001 0.976474128125 0.6604512734375 0.8748148765625 0.6134862265625001 0.8286422124999999 0.5416023078125 0.7989262953125 0.4731900109375 0.7946216421875001 0.388444321875 0.8380742578125 0.3569425125 0.9023450437499999 0.367118771875 0.9727179765624999 0.3864835015625 1 0.6613631109375 1
1 0.9836583734375001 1 0.9745339890625001 0.9274257406249999 0.9138696171875 0.8440633125 0.7695731109375 0.8315041921875 0.6903389609375 0.8906141609375 0.6980667765625 1 0.9836583734375001 1