1 0.5266739703125001 0.669731971875 0.6292204078125 0.714116571875 0.7093926453125 0.683533534375 0.763060996875 0.604409821875 0.76643456875 0.5631997890625 0.7523247765625001 0.49536503906249996 0.7094905296875 0.43013447187500004 0.6186247859375 0.3871799890625 0.5784984734374999 0.39695765625 0.513862821875 0.4539270578125 0.48848435468750007 0.5597743734375 0.5266739703125001 0.669731971875
1 0.5209641406250001 0.331151496875 0.58242970625 0.3729548140625 0.7000304078124999 0.3775594953125 0.771498634375 0.30918455 0.7810240109375 0.19282681875000002 0.7213017359375 0.0936991734375 0.6553472625000001 0.058691515625 0.6041355984375001 0.059766703125 0.5569782671875 0.08337402499999999 0.5184445625 0.1337455359375 0.4970827640625 0.28660453124999996 0.5209641406250001 0.331151496875
1 0.7855932937500001 0.1970588796875 0.7929132359375 0.3118064296875 0.8307009171875 0.3666254625 0.93249124375 0.39622699375 0.9962693921874999 0.373015475 0.9995375609374999 0.0921496890625 0.9347293109375 0.08065535625 0.88641898125 0.0943278453125 0.800052225 0.164551328125 0.7855932937500001 0.1970588796875
1 0.770446190625 0.5502246625 0.7803835890624999 0.6089791140624999 0.8263176187499999 0.6843828656250001 0.8915159796875001 0.7046074531250001 0.9396278640625001 0.69335908125 0.987101696875 0.653875809375 0.993978803125 0.569868165625 0.9954776000000001 0.44106183593750004 0.9476686078125001 0.40298205625000005 0.8452452734375001 0.4051324296875 0.7960231015625 0.44195322656249997 0.770446190625 0.5502246625
1 0.950644475 1 0.9793623265625 0.7484164671875 0.8922720875 0.7193905234375 0.8114241296875001 0.7462182078125 0.7553317140625 0.8189240921875 0.742663840625 0.8896013796875 0.7755342890625 1 0.950644475 1
1 0.677881253125 1 0.6837931921875 0.9962449359375001 0.7170391703125001 0.9023787453125 0.7070213843750001 0.8325965828124999 0.67197426875 0.768319428125 0.629778071875 0.7313237625 0.54491345 0.7111397625 0.45552729531249997 0.7822177734375 0.43384394843749996 0.8909659140624999 0.46456294062500003 0.9840941515624999 0.4794835375 1 0.677881253125 1
1 0.3248742609375 1 0.40897538750000006 0.9185263515625 0.43185445 0.8552202984375 0.43101291249999996 0.769422709375 0.39111767343750004 0.6923098984375 0.3247663140625 0.6621504796875 0.2595302796875 0.6664054390625 0.1712971296875 0.7474182765624999 0.15116367343749998 0.8612530078124999 0.1607418515625 0.9003761499999999 0.2290450390625 0.99076073125 0.29094911875 1 0.3248742609375 1
1 0.222285134375 0.44883317343750007 0.23683453281250003 0.5473269468749999 0.28296700937499997 0.6203065765625 0.3526542703125 0.6337355125 0.40954550625 0.6113199578125 0.45098054843749996 0.5735457453125 0.46917226718749994 0.519459465625 0.47103361718750003 0.44868329687499997 0.450091253125 0.3922540875 0.38719385 0.33191234999999997 0.2656619171875 0.35131050625000004 0.23670134687500002 0.3808183546875 0.222285134375 0.44883317343750007
1 0.399469878125 0.326070109375 0.4724503203125 0.2872613046875 0.50331495625 0.22248454374999999 0.5102605437500001 0.1376403671875 0.49186029375 0.07417715 0.44978215937500005 0.023729651562500002 0.4481275796875 0.023485371875 0.3423054921875 0.0179394703125 0.2714393703125 0.07657107656249999 0.2464577953125 0.1775701515625 0.290846978125 0.3078741171875 0.399469878125 0.326070109375
1 0.2296124828125 0.179180334375 0.2277787171875 0.105503340625 0.17330145 0.014363110937500001 0.16081254218750002 0.008427828125 0.033770471875 0.0017698359375 0.012258712500000001 0.2762138015625 0.11269759531250001 0.29830461875 0.21241299374999997 0.2211460125 0.2296124828125 0.179180334375
1 0 0.5978440015625 0.019915328125 0.6150326234375 0.1221402140625 0.6153063734375 0.1715608296875 0.5760614515625 0.20651747656250002 0.5093372796875 0.21596751250000001 0.4419386390625 0.179209728125 0.350519465625 0.1177441578125 0.30871615625 0.0470646703125 0.307407815625 0.007018746875 0.3282131921875 0 0.41813202812499994 0 0.5978440015625
1 0 0.917677225 0.0461228796875 0.9193964843750001 0.13352457812500002 0.8725596687499999 0.156913546875 0.730966740625 0.104184615625 0.6424889796875 0 0.632870271875 0 0.917677225