2 0.0713287953125 0.5618732984375 0.089958225 0.55005601875 0.0894271921875 0.40595320625 0.14162256875 0.2896816796875 0.12601271875 0.257181740625 0.048671509375 0.2868191265625 0.012886575 0.44288286875000005 0.0173430921875 0.5960434218749999 0.0190544546875 0.5991360828125 0.0785914140625 0.632495365625 0.10871087187499999 0.629256053125 0.0713287953125 0.5618732984375
2 0.11168011874999999 0.340955265625 0.08450735468750001 0.4528436171875 0.11742167343750001 0.6322108546874999 0.140170925 0.6443155515625001 0.154955590625 0.6256360953125 0.1515125703125 0.439884421875 0.1837821765625 0.3291399265625 0.1448634125 0.3054072984375 0.11168011874999999 0.340955265625
2 0.230583096875 0.5916145640625 0.2445078765625 0.4547555390625 0.2861364546875 0.3501109703125 0.291571696875 0.2703399765625 0.22396256874999998 0.2921626203125 0.1863305984375 0.32971185468750003 0.152435796875 0.460089340625 0.16538008906249999 0.6329750390625 0.195863115625 0.6708126609375 0.2387689453125 0.6824415562499999 0.24549098281249998 0.66395241875 0.230583096875 0.5916145640625
2 0.35953485 0.3445858765625 0.327426628125 0.326381253125 0.2840496453125 0.359641503125 0.2520646390625 0.43245418750000003 0.2322967984375 0.595998709375 0.24479856249999998 0.648798728125 0.27569895 0.684730240625 0.31540818437499996 0.6926420828125 0.32356886406249996 0.6614772890625 0.3155348609375 0.4966927859375 0.35953485 0.3445858765625
2 0.3561959578125 0.359834728125 0.3172485640625 0.501076928125 0.3275559296875 0.6493735640625 0.3750431875 0.695026896875 0.404150915625 0.647565521875 0.44993747968750003 0.3468764984375 0.43224082499999994 0.32390709218749997 0.3811300625 0.331434421875 0.3561959578125 0.359834728125
2 0.5284422671875 0.28750365625 0.46008692343749996 0.33715564374999996 0.43115620468750004 0.43265128906249994 0.4056338109375 0.6468984343749999 0.4529249734375 0.7545007109374999 0.4743336328125 0.7483065921875001 0.5069225546875 0.6666304640625 0.5052817328125 0.5092800640624999 0.547194915625 0.366703684375 0.5284422671875 0.28750365625
2 0.6117176625 0.77413951875 0.5768145859375 0.5733283421875 0.6122903281250001 0.41130929062500005 0.673648575 0.363086634375 0.6325544984375 0.3248674078125 0.5677246015625 0.3523132109375 0.5655492843750001 0.33782660937500003 0.5492374671875 0.3451645859375 0.5025372156250001 0.5706570796875 0.5242461046875 0.703514540625 0.581598203125 0.77737883125 0.603699284375 0.7863384046874999 0.6117176625 0.77413951875
2 0.74091930625 0.4221788453125 0.7432022125 0.3506993671875 0.7119287140624999 0.3286825296875 0.6148387546875 0.41188121874999994 0.578110928125 0.579618590625 0.6083883125 0.7343967640625 0.6435508203125 0.7752843421875 0.67626295625 0.7846255249999999 0.6968906921875 0.7392605765625 0.686112165625 0.6358530906250001 0.74091930625 0.4221788453125
2 0.7508787296875 0.706381934375 0.7728218828125 0.557324021875 0.8321124093750001 0.408648684375 0.8678883796875001 0.385681215625 0.8722042968749999 0.3476542453125 0.841854028125 0.3458423328125 0.7684018390625 0.3943504640625 0.726640503125 0.46296932812499997 0.6886605921875 0.63642501875 0.69272661875 0.7033300328125 0.7120389265625 0.7616580546875 0.7625362250000001 0.8179857765625 0.78715101875 0.760517103125 0.7787690796875 0.7316390562499999 0.75694305625 0.73973928125 0.7508787296875 0.706381934375
2 0.9109868421874999 0.622327775 0.9755356000000001 0.345847175 0.8854965328125 0.384633484375 0.8449430296875 0.43552546562499994 0.8438679546875001 0.48927805312499995 0.8243152953124999 0.48089041093749996 0.8350148531249999 0.5052891546875 0.7934999515625 0.7559426421875 0.855114175 0.8347630046875001 0.8833333765625 0.8340968828124999 0.9044765218749999 0.7558513578125 0.9109868421874999 0.622327775
2 1 0.3914651265625 0.995638378125 0.38835441406250004 0.9139526234375 0.620993596875 0.9060479234375001 0.77920140625 0.934444140625 0.82656955625 0.9516349312499999 0.8274279328125 1 0.602827871875 1 0.3914651265625
2 1 0.08768995156250001 0.931887015625 0.075081015625 0.9122076796874999 0.26264266875 0.9601122999999999 0.30638989687499996 1 0.306666959375 1 0.08768995156250001
2 0.7148502453125001 0.3153397828125 0.8035929765625 0.27026322187499996 0.8131480390625001 0.21441420625 0.90458149375 0.15094366875 0.9240109390625 0.068314 0.81549428125 0.04496008125 0.7765468906249999 0.1862022796875 0.705918184375 0.25234214062500004 0.7148502453125001 0.3153397828125
2 0.6360452359375001 0.235661046875 0.755369040625 0.19744763125 0.8085414359374999 0.058397984375 0.8093319093750001 0.042577203125000004 0.7441384453125 0.028946073437499997 0.685088271875 0.127681034375 0.565941478125 0.2139287171875 0.6360452359375001 0.235661046875
2 0.7371413453125 0.030375412499999997 0.64474995 0.006640851562499999 0.5976418828125001 0.179047840625 0.69310665 0.1154821453125 0.7371413453125 0.030375412499999997
2 0.5050825062500001 0 0.48152420781250005 0.1659867 0.5073277546875 0.2007743546875 0.5493103515625 0.1921983296875 0.5747763828125 0 0.5050825062500001 0
2 0.3043143765625 0 0.3010035484375 0.1234736484375 0.338847240625 0.200958865625 0.410797453125 0.263101034375 0.43623742656250003 0.25681175624999997 0.3945047234375 0.160455796875 0.378442803125 0.0628617875 0.4082389734375 0 0.3043143765625 0
2 0.2117811890625 0 0.20394221406250002 0.041697515625 0.21881538906250003 0.0470351953125 0.22268531406249997 0.1758891546875 0.2717535203125 0.1899009265625 0.28565921250000004 0.16302511875 0.25959015625 0.0561860578125 0.269560990625 0 0.2117811890625 0
2 0.113237484375 0 0.1071463984375 0.0319727890625 0.15377985156250001 0.191421553125 0.1858438171875 0.19761760781249998 0.20118814999999998 0.1580661375 0.18568589062500002 0.039600121875 0.196005003125 0 0.113237484375 0
2 0.7990426109375 0.9820793171875 0.9146806671875 0.9793878125000001 0.9292839546874999 0.92340034375 0.9133547906249999 0.8618320390624999 0.8191863578125 0.931687984375 0.7990426109375 0.9820793171875
2 0.6559504828125 0.9854098234374999 0.7622748625 0.9829350968749999 0.7716010484375 0.9170091234375001 0.7518175796875 0.9035702499999999 0.673268540625 0.9509345281250001 0.6559504828125 0.9854098234374999
2 0.538645571875 0.9881401265624999 0.6512998484375 0.98551806875 0.7172147343749999 0.841810659375 0.6715739328125 0.83656716875 0.5451454359375 0.962176003125 0.538645571875 0.9881401265624999
2 0.4637477453125 0.8699167671874999 0.43254367031249996 0.9819002812500001 0.46939258281249996 0.9897520078125 0.5258584484375 0.9884377499999999 0.55664500625 0.9157623562499999 0.5586086 0.8152145125000001 0.5112098406250001 0.793578315625 0.4637477453125 0.8699167671874999
2 0.4263812953125 0.9795174046874999 0.47242383749999994 0.8058713953125001 0.5047724078125 0.7741356421875001 0.457187096875 0.75945678125 0.3591296515625 0.8104419796875 0.3190377609375 0.8714364234374999 0.302574103125 0.9527319125 0.4263812953125 0.9795174046874999
2 0.22716178281250002 0.8148212812500001 0.1929919203125 0.9281389734375001 0.26073380625000003 0.9423420296874999 0.3158602578125 0.757736153125 0.30048121562499996 0.73028744375 0.22716178281250002 0.8148212812500001
2 0.23653029218750002 0.765929603125 0.229542734375 0.7123673312500001 0.1526188921875 0.7400986125 0.1167891265625 0.8060491234375 0.10124869375000001 0.907549534375 0.1868295421875 0.9257560968749999 0.23653029218750002 0.765929603125
2 0.064808934375 0.750388490625 0.02989285625 0.8915355296874999 0.0950863203125 0.905166659375 0.13292393125 0.7506768734375 0.109526509375 0.735427053125 0.064808934375 0.750388490625