0 0.044921873437499996 0.3540039046875 0.044921873437499996 0.20054408281249997 0.03125 0.1273018984375 0.0390625 0.06452288125 0.0029296859375 0.0313895125 0.0019531265625 0.9120396187500001 0.03515625 0.8701869406249999 0.00390625 0.7132393984375 0.02734375 0.5876813624999999 0.044921873437499996 0.3540039046875
0 0.09277343593750001 0 0.0859375 0.019182476562500002 0.078125 0.528390065625 0.0390625 0.6330217625000001 0.02734375 0.74811663125 0.0527343734375 0.8806501125 0.08789062656249999 0.9155273453125 0.12304687343750001 0.8457728812499999 0.12304687343750001 0.74811663125 0.10546875 0.7027762265625 0.1328125 0.6539481015625 0.1542968734375 0.5004882796875 0.1660156265625 0.12032645312500001 0.1494140640625 0 0.09277343593750001 0
0 0.234375 0.12032645312500001 0.2490234359375 0.1290457625 0.2421875 0.10637555937500001 0.26171875 0.071498328125 0.2451171859375 0.0139508921875 0.2041015640625 0.017438618750000003 0.1894531265625 0.074986046875 0.19921875 0.0784737734375 0.19140625 0.16217913125 0.2050781265625 0.2737862734375 0.2402343734375 0.2737862734375 0.265625 0.2458844875 0.2324218734375 0.169154578125 0.2421875 0.1586914046875 0.234375 0.12032645312500001
0 0.2792968734375 0.430733815625 0.2705078140625 0.41852678593750003 0.20703125 0.42027064843749995 0.1972656265625 0.559779578125 0.16796875 0.657435828125 0.17578125 0.79694475625 0.1933593734375 0.8108956484375 0.2099609359375 0.8893694171875 0.2363281265625 0.8980887265625 0.2675781265625 0.8318219875 0.2480468734375 0.66789899375 0.2734375 0.563267296875 0.2792968734375 0.430733815625
0 0.3730468734375 0.42375836875 0.3115234359375 0.41852678593750003 0.3046875 0.5667550234375 0.2734375 0.6399972078125 0.2753906265625 0.74811663125 0.3027343734375 0.789969309375 0.30859375 0.8527483281249999 0.3291015640625 0.8893694171875 0.3496093734375 0.8911132796875 0.3808593734375 0.8213588156249999 0.3613281265625 0.6818498875000001 0.3730468734375 0.6225585953125 0.3730468734375 0.42375836875
0 0.4365234359375 0.2580915171875 0.40625 0.25983538125 0.4091796859375 0.2790178578125 0.44140625 0.27727399375 0.4746093734375 0.2737862734375 0.4716796859375 0.2057756671875 0.4384765640625 0.2301897328125 0.4365234359375 0.2580915171875
0 0.4033203140625 0.41852678593750003 0.3808593734375 0.7760184171875 0.4140625 0.9120396187500001 0.453125 0.9748186375 0.48046875 0.8946010062499999 0.45703125 0.5876813624999999 0.4707031265625 0.4272460953125 0.4033203140625 0.41852678593750003
0 0.5917968734375 0.4272460953125 0.5810546859375 0.41852678593750003 0.5146484359375 0.42550223281250005 0.5175781265625 0.5179268984375 0.4980468734375 0.5353655125000001 0.4941406265625 0.5667550234375 0.50390625 0.643484934375 0.4863281265625 0.692313059375 0.48046875 0.9225027921875 0.5107421859375 0.9870256671875 0.5253906265625 0.9852818093750001 0.55859375 0.9399414046875 0.5566406265625 0.7690429703125 0.5839843734375 0.61907086875 0.5917968734375 0.4272460953125
0 0.7011718734375 0.172642296875 0.6865234359375 0.153459821875 0.6738281265625 0.1656668515625 0.6708984359375 0.11160714218750001 0.65625 0.12381417187499999 0.6777343734375 0.1028878328125 0.6582031265625 0.0924246671875 0.6816406265625 0.0610351546875 0.6552734359375 0.0348772328125 0.6386718734375 0.057547434375 0.63671875 0.0994001125 0.6484375 0.12032645312500001 0.6386718734375 0.1482282375 0.65234375 0.1482282375 0.640625 0.169154578125 0.65234375 0.169154578125 0.6191406265625 0.21100725625 0.6230468734375 0.270298546875 0.6933593734375 0.2737862734375 0.703125 0.2144949765625 0.6904296859375 0.2301897328125 0.6875 0.1900809171875 0.7011718734375 0.172642296875
0 0.7138671859375 0.41852678593750003 0.640625 0.42375836875 0.6386718734375 0.5318777921875 0.6230468734375 0.5737304703125 0.6308593734375 0.6644112734375 0.5957031265625 0.71672711875 0.5800781265625 0.8039202031249999 0.5917968734375 0.9259905125 0.6191406265625 0.9852818093750001 0.6699218734375 0.9364536843750001 0.6699218734375 0.772530690625 0.6933593734375 0.7027762265625 0.7138671859375 0.41852678593750003
0 0.7050781265625 0.1028878328125 0.7207031265625 0.25983538125 0.7275390640625 0.2825055828125 0.79296875 0.284249440625 0.8203125 0.27727399375 0.8046875 0.11683872656250001 0.7392578140625 0.0313895125 0.7050781265625 0.1028878328125
0 0.8310546859375 0.41852678593750003 0.7597656265625 0.4272460953125 0.76953125 0.674874440625 0.7412109359375 0.68359375 0.70703125 0.772530690625 0.70703125 0.9364536843750001 0.76171875 0.9538922968750001 0.77734375 0.9329659578125 0.79296875 0.79694475625 0.8300781265625 0.6958007796875 0.8310546859375 0.41852678593750003
0 0.890625 0.11683872656250001 0.8564453140625 0.059291296874999996 0.859375 0.1482282375 0.87109375 0.16217913125 0.84375 0.20403180937499998 0.85546875 0.2144949765625 0.8417968734375 0.22147042187500002 0.83984375 0.2737862734375 0.8984375 0.27727399375 0.9042968734375 0.2249581484375 0.8925781265625 0.155203684375 0.8828125 0.1586914046875 0.890625 0.11683872656250001
0 0.9355468734375 0.57024274375 0.9169921859375 0.41852678593750003 0.8515625 0.42375836875 0.8652343734375 0.6225585953125 0.8300781265625 0.755092078125 0.8535156265625 0.9329659578125 0.8847656265625 0.9504045781249999 0.921875 0.8980887265625 0.92578125 0.8666992203125 0.91796875 0.7306780125000001 0.9355468734375 0.57024274375
0 0.8134765640625 0.017438618750000003 0.80078125 0.071498328125 0.8222656265625 0.2807617203125 0.9003906265625 0.28773716718750003 0.9121093734375 0.2633231015625 0.8769531265625 0.0470842625 0.8544921859375 0 0.8134765640625 0.017438618750000003
0 0.5214843734375 0.284249440625 0.609375 0.28773716718750003 0.60546875 0.06452288125 0.5478515640625 0.048828125 0.5234375 0.1656668515625 0.5214843734375 0.284249440625
0 0.38671875 0.0680106015625 0.38671875 0.17961774375 0.4589843734375 0.186593190625 0.4765625 0.1586914046875 0.44921875 0.022670203125 0.3994140640625 0.0279017859375 0.38671875 0.0680106015625
0 0.2822265640625 0 0.28125 0.2075195296875 0.2988281265625 0.2737862734375 0.3691406265625 0.28773716718750003 0.37890625 0.2633231015625 0.37109375 0.137765065625 0.34375 0.0052315828125 0.2822265640625 0