2 0.6843226953125 0.35117233593749997 0.79442368125 0.3330768296875 0.80671514375 0.3082847734375 0.6915666500000001 0.286616453125 0.6843226953125 0.35117233593749997
2 0.47140914218749996 0.43170928750000004 0.5537129249999999 0.4617460078125 0.616256159375 0.41681388906250005 0.6192443609375 0.380679778125 0.607360596875 0.371742009375 0.5323452296875 0.38605122812500003 0.47140914218749996 0.43170928750000004
2 0.3644325671875 0.3601838171875 0.442209115625 0.39888526875 0.47039130937499996 0.325937690625 0.4707318390625 0.1922205203125 0.406672275 0.2007687828125 0.385688634375 0.22698943124999998 0.3644325671875 0.3601838171875
2 0.22707828437500002 0.3391948515625 0.289123009375 0.363650475 0.34080030781250004 0.41555218437499997 0.3037916015625 0.289953659375 0.22739610937500002 0.2143921578125 0.21315791874999998 0.245444665625 0.22707828437500002 0.3391948515625
2 0.2164857140625 0.20232415937499998 0.27717208125 0.25472535937499996 0.335504025 0.3471168375 0.3203615140625 0.22782535625000003 0.2703367625 0.158820634375 0.21440371093750002 0.135340703125 0.2164857140625 0.20232415937499998
2 0.2048053296875 0.2398868625 0.181695221875 0.0902222328125 0.1547361109375 0.0619803234375 0.071028559375 0.077718134375 0.11197613749999999 0.172966796875 0.2048053296875 0.2398868625
2 0 0.2069921484375 0.06801671718749999 0.2494975 0.1419906125 0.2650619421875 0.21874839375000002 0.3247225734375 0.2054164 0.2526575109375 0.10876185625000001 0.1715149109375 0 0.13334372187500002 0 0.2069921484375
2 0 0.2782316640625 0.10896429375000001 0.3447461625 0.1552999 0.3460414796875 0.150681853125 0.390364128125 0.23853164843750002 0.3907769296875 0.22673869375 0.34618124687499996 0.14583866875 0.270369996875 0.0699407484375 0.2521515265625 0 0.2749628421875 0 0.2782316640625
2 0 0.45265697187500004 0.133320190625 0.38430682968749996 0.1524025078125 0.3465176765625 0.0976916 0.3485790359375 0 0.38367810625 0 0.45265697187500004
2 0 0.49867633749999996 0.173339803125 0.4648567640625 0.22780192812500002 0.4341238859375 0.247201128125 0.398262815625 0.1706240234375 0.39401713437499997 0.09044764375 0.41313491874999997 0 0.45897123593750005 0 0.49867633749999996
2 0 0.5626355671875001 0.0450844640625 0.5354401531249999 0.12616610156250002 0.53993558125 0.2037619765625 0.523222078125 0.25079946406250003 0.501630128125 0.252452009375 0.48452711875 0.1861969328125 0.4706643078125 0 0.5030615234375 0 0.5626355671875001
2 0.23291565468750003 0.7006058312500001 0.272166221875 0.704055684375 0.2279589578125 0.6251840921875 0.132888853125 0.553681915625 0.0511961375 0.5364158453125001 0.030574785937499998 0.54673561875 0.0330871859375 0.571074775 0.1136930265625 0.6360434609375 0.18200740625 0.7258042031249999 0.23291565468750003 0.7006058312500001
2 0.1499771515625 0.793443721875 0.22843288125 0.8181723875 0.27784749999999997 0.74767568125 0.2773045328125 0.7081616015625001 0.23323254218749997 0.70253391875 0.200365134375 0.71981679375 0.1499771515625 0.793443721875
2 0.0315008671875 0.8148959078125 0.12070901875 0.7873631375000001 0.1598243171875 0.71756908125 0.13739244374999998 0.6806624421875 0.091984796875 0.6940658546875 0.023601375 0.7577793203125001 0.0315008671875 0.8148959078125
2 0 0.6274370953124999 0.0067836171875 0.6645053328125 0.056536884375 0.713753009375 0.13773203750000002 0.6736760453125 0.0648904234375 0.592580034375 0.01923399375 0.577311928125 0 0.5825851171875 0 0.6274370953124999
2 0.3129122984375 0.49934232031250003 0.250074884375 0.533431871875 0.12775054218749998 0.549576003125 0.21127647343749997 0.6051540156249999 0.257634784375 0.5975348546875 0.32531633125 0.55670865 0.35956479375 0.50256571875 0.3129122984375 0.49934232031250003
2 0.360875871875 0.7459106546875 0.3301141078125 0.694531734375 0.290478546875 0.7158972343750001 0.235495221875 0.824932328125 0.2994185734375 0.8698709359375 0.360875871875 0.7459106546875
2 0.40399719999999995 0.7457540859375 0.4299829375 0.7771262218749999 0.5412833703125 0.7934864859374999 0.45182737968750003 0.6656169609375 0.41001900625000004 0.655656909375 0.39034831875 0.6717609390625 0.40399719999999995 0.7457540859375
2 0.44610163593749996 0.5130951421875001 0.402618015625 0.5291525859374999 0.40970211875 0.6537288265625001 0.45472477187499993 0.6651407625 0.4932280546875 0.7093068390624999 0.502849140625 0.5958461984375 0.48849837812499997 0.5447403171875 0.44610163593749996 0.5130951421875001
2 0.31700819999999996 0.6600526703125 0.3132282515625 0.6280011796875 0.2698127328125 0.6173151890625 0.2330972671875 0.6292900078125 0.27447524687499997 0.6818943640625 0.31700819999999996 0.6600526703125
2 0.36458095625000003 1 0.3638167859375 0.9810670578125 0.32669456874999997 0.9000409312500001 0.24769587343750002 0.835798184375 0.126164221875 0.7933971359374999 0.05431773125 0.8269871999999999 0.21050460625 0.9082462671875 0.2902959921875 0.9139438343749999 0.2774103125 1 0.36458095625000003 1
2 0.1982559328125 1 0.24328120625 0.9266213015625 0.12211453750000001 1 0.1982559328125 1
2 0.10979722031250001 1 0.23105785 0.924669928125 0.23271039531249998 0.9075669140624999 0.058527140624999995 0.943125159375 0.063838478125 1 0.10979722031250001 1
2 0.1976247765625 0.9113532015624999 0.09288911562499999 0.8444098375 0.03498663125 0.8361048343749999 0.03973995 0.8650260968750001 0.097823109375 0.9287460546874999 0.1976247765625 0.9113532015624999
2 0.45669000000000004 1 0.446528271875 0.9773739484374999 0.3565964734375 0.909977684375 0.3565056640625 0.9456355999999999 0.3663078328125 1 0.45669000000000004 1
2 0.3810431796875 0.913880440625 0.4401224109375 0.9655556953125 0.47115659218749995 0.9099608796875 0.4641850609375 0.867543028125 0.41667271250000004 0.82287745625 0.3921579 0.845718134375 0.3810431796875 0.913880440625
2 0.6103055125 1 0.6138071593750001 0.9993851890625001 0.5499292125 0.9366176265625 0.48145592031250006 0.9092582328125 0.45039903125 0.9737675250000001 0.4983869421875 1 0.6103055125 1
2 0.427583109375 0.83494545625 0.5198920328125001 0.8534369609375 0.569464625 0.847269690625 0.5830236390625 0.8301899687500001 0.54673856875 0.7995204859375 0.4299829375 0.7771262218749999 0.427583109375 0.83494545625
2 0.4834962796875 0.4871475375 0.5341775125 0.5510939453125 0.6499143734375 0.5944473890624999 0.62530969375 0.5262152015625 0.5536902265625 0.4706604828125 0.49485977812500004 0.44765675 0.4834962796875 0.4871475375
2 0.6871075234374999 0.2685377515625 0.634479559375 0.21085179375 0.588415434375 0.22931351875 0.5952734578125 0.3163037609375 0.6769207671874999 0.351398790625 0.6871075234374999 0.2685377515625
2 0.4749412515625 0.308358484375 0.5877816578124999 0.22545734843749998 0.6053476421874999 0.1512843359375 0.5700586453125001 0.10857015 0.5404282203124999 0.11839043281249999 0.47125210624999997 0.2406490796875 0.4749412515625 0.308358484375
2 0.3656792953125 0.123349078125 0.41131302031250006 0.1475316625 0.3783775125 0.191557971875 0.4205254703125 0.194531625 0.45287261250000005 0.12882018906249998 0.44621796874999997 0.0883304234375 0.3890627671875 0.0393091953125 0.3656792953125 0.123349078125
2 0.28466576093749996 0.09211021875 0.21028416874999997 0.11027560624999999 0.2063907109375 0.1227965078125 0.3104698859375 0.194798178125 0.341662046875 0.2035327921875 0.367444409375 0.18840445156250002 0.3479326359375 0.1421071359375 0.28466576093749996 0.09211021875
2 0.7395983296875001 0.5064413562500001 0.706776328125 0.5058952765625 0.6871056375 0.521999309375 0.66949425 0.6140012734375 0.6365587406250001 0.658027584375 0.7282792921875 0.6548339671875001 0.74278896875 0.6435385 0.763614634375 0.5529884203125001 0.7395983296875001 0.5064413562500001
2 0.5108394406250001 0.6173048703124999 0.635653478125 0.6344143734375 0.6662799703125 0.6125493890625 0.539315825 0.5551998578124999 0.5108394406250001 0.6173048703124999
2 0.7671694484375 0.4207231375 0.7230066500000001 0.45075336562499996 0.726424309375 0.49870572500000004 0.7540625984375 0.51297485 0.7667835140625 0.5722692640625 0.8191853953124999 0.592369228125 0.8184844578125 0.48852571562499997 0.7671694484375 0.4207231375
2 0.6650587640625 0.46027731562499996 0.6806326109375 0.41019371250000003 0.636243734375 0.4026379453125 0.554980475 0.46945834687500004 0.6118414921875 0.5076370109375 0.6650587640625 0.46027731562499996
2 0.580646509375 0.8790947265625 0.611499078125 0.894815734375 0.61561861875 0.9198808296875001 0.655525665625 0.9182723765624999 0.671529909375 0.8255444656250001 0.589294225 0.7687643125 0.580646509375 0.8790947265625
2 0.6513843625 0.7753909796875 0.6244933578125 0.7204056375000001 0.5637615890625 0.6858333953125 0.5110201171875 0.6727198265625 0.5009241656250001 0.7199229484375 0.5224280796875 0.7421308578125 0.587415603125 0.7482813296875 0.611477315625 0.7769994375 0.6513843625 0.7753909796875
2 0.6436210765625 0.664787525 0.518535553125 0.6279209812500001 0.5145512859375 0.6760997984375 0.6424888 0.7303190984375 0.709808053125 0.7053937671875 0.7411137203125 0.6695559906249999 0.716055940625 0.6528825859375 0.6436210765625 0.664787525
2 0.8189120296875 0.8260737390624999 0.77895958125 0.8455111531249999 0.7833279046875 0.8992477687499999 0.8228272546875001 0.9313691390625 0.7992404015625 0.9689085484375 0.8935641656250001 0.9543961703124999 0.860991884375 0.85579083125 0.8189120296875 0.8260737390624999
2 0.7744550453125 0.845261409375 0.8531604984375001 0.7719308140625001 0.8187767609375 0.7528298343750001 0.7259693296874999 0.803726065625 0.7458206921875 0.843036990625 0.7744550453125 0.845261409375
2 0.782695071875 0.7686608203125 0.7995137671875 0.7352040343749999 0.7422677625 0.7218407171875 0.666256328125 0.7481946421875 0.7160095984375 0.7974423234375 0.782695071875 0.7686608203125
2 0.7261963515625001 0.714581284375 0.7840988359375001 0.7228862921875 0.8023884609374999 0.7436423140625 0.842340909375 0.7242049015625 0.7830583046874999 0.626029171875 0.74342274375 0.6473946703125 0.7261963515625001 0.714581284375
2 0.7674882171874999 0.1691896640625 0.7853474484375 0.2325899953125 0.9063351921875 0.362207740625 0.8764342234375 0.225540209375 0.7961679796875 0.153585128125 0.7678505125 0.1532887921875 0.7674882171874999 0.1691896640625
2 0.8076885109375 0.3051545484375 0.7724449156250001 0.24461140312500002 0.65738723125 0.1872851703125 0.6569795328125 0.2210150015625 0.6896426250000001 0.2839624265625 0.8076885109375 0.3051545484375
2 0.8281755296875 0.0948600875 0.8363701484374999 0.0360884578125 0.7855073015625 0.043457871875 0.7022973140625 0.11653872031250001 0.7646362265625 0.1518369078125 0.8281755296875 0.0948600875
2 0.6424026921875 0.132323121875 0.6519320328125 0.18125117500000001 0.782427353125 0.241980671875 0.7745278546875001 0.18486408593749998 0.740846 0.142875840625 0.6424935046875 0.0966652109375 0.6424026921875 0.132323121875
2 0.6952349734375 0.10977877968750001 0.7687340078125 0.0590857046875 0.7748638578125 0.0225462359375 0.706192709375 0.020548109375 0.693198378125 0.024966367187499998 0.640660284375 0.058353270312500004 0.64285579375 0.080764340625 0.6952349734375 0.10977877968750001
2 0.358637778125 0.3611362125 0.343494325 0.36857550781250004 0.35266137343750004 0.4334044296875 0.365156209375 0.45511285 0.44433652187500006 0.4480397703125 0.48646177812499997 0.4599279046875 0.4418695265625 0.40587166406249997 0.358637778125 0.3611362125
2 0.9371868171875001 0.50465953125 0.905134803125 0.45448275000000005 0.833492634375 0.407842509375 0.7938570734375 0.42920800468750003 0.7979993140625 0.445358625 0.841392128125 0.46495909375 0.8368194859375 0.49145278281250004 0.861560378125 0.5061981015625 0.9371868171875001 0.50465953125
2 0.8473685312500001 0.3926908765625 0.8107665796875001 0.36009330624999997 0.7451225781249999 0.3590011453125 0.7058266015625 0.3733802484375 0.788718765625 0.4251020890625 0.8473685312500001 0.3926908765625
2 0.6968402359375 0.36396627812500004 0.60586696875 0.32644367343749997 0.6070437078124999 0.369813921875 0.6278911359375 0.3970801453125 0.6799988375 0.40633754375000003 0.69247096875 0.43696044375 0.7526597796875001 0.43201860156249994 0.6968402359375 0.36396627812500004
2 0.363752446875 0.5008873828125 0.316603325 0.31359016562500003 0.2280298859375 0.2182483265625 0.2137916953125 0.249300834375 0.2296587890625 0.33679056875 0.2740921328125 0.4532481578125 0.311712853125 0.46488655 0.31003760625 0.490904040625 0.363752446875 0.5008873828125
2 0.8671054437500001 0.603304965625 0.8458957203124999 0.59193961875 0.8365243578125 0.607340996875 0.8827228140625 0.7888539625 0.9164273765625 0.8219277296874999 0.9659999671874999 0.8157604546874999 0.9502236828124999 0.6926128078125 0.8671054437500001 0.603304965625