2 0.5488494703125 0.12011718906249999 0.4622662671875 0.0507812515625 0.309645021875 0.0039062515625 0.22306181406249997 0.0576171890625 0.199581628125 0.0908203125 0.328722678125 0.1611328109375 0.42557846406250005 0.2666015640625 0.52830430625 0.3115234359375 0.55471951875 0.2939453125 0.5811347328124999 0.2275390625 0.5781997109375 0.1708984359375 0.5488494703125 0.12011718906249999
2 0.550316984375 0.11328125156249999 0.5840697593749999 0.2275390625 0.557654540625 0.2919921890625 0.5194992296875001 0.3251953125 0.58700478125 0.4033203125 0.6310301421875 0.4072265640625 0.707340759375 0.3330078109375 0.7102757875 0.2666015640625 0.648640284375 0.1591796875 0.550316984375 0.11328125156249999
2 0.7440285624999999 0.025390625 0.6501077984375 0 0.328722678125 0.0009765640625 0.42704597812499995 0.03125 0.6060824375 0.12304687656249999 0.7220158796875 0.2275390625 0.7895214312500001 0.2158203125 0.8100666015625 0.1552734359375 0.7836513828125 0.0556640625 0.7440285624999999 0.025390625
2 0.5737971749999999 0.4101562515625 0.5517844921874999 0.4384765640625 0.629562628125 0.46875 0.8262092296875 0.505859375 0.994973103125 0.5634765640625 0.9905705687499999 0.3984374984375 0.7117432953125 0.3359374984375 0.6530428203125 0.400390625 0.5737971749999999 0.4101562515625
2 0.8496894203125 0.208984375 0.7102757875 0.2353515640625 0.726418415625 0.3300781234375 0.9333376015624999 0.3798828109375 0.9597528203125 0.3369140625 0.9568177921875 0.2958984359375 0.896649803125 0.2265625015625 0.8496894203125 0.208984375
2 0.3345927265625 0.4169921890625 0.4197084203125 0.4794921890625 0.5121616718750001 0.59375 0.5855372671875 0.6171874984375 0.8628970265625 0.6162109375 0.824741715625 0.5634765640625 0.6765230109375 0.4882812515625 0.4769413828125 0.427734375 0.3345927265625 0.4169921890625
2 0.3316577 0.4169921890625 0.1306085625 0.318359375 0.0719080875 0.3105468765625 0.019077656249999998 0.3261718765625 0.002935021875 0.3408203125 0.0058700484375 0.4306640625 0.2098542078125 0.5136718765625 0.35367038281249996 0.6074218765625 0.446123634375 0.6201171890625 0.4901489953125 0.6005859375 0.469603825 0.5458984359375 0.4314485140625 0.4931640625 0.3316577 0.4169921890625
2 0.22452932812499998 0.103515625 0.095388278125 0.08203125156249999 0.093920765625 0.2099609375 0.39182569375 0.4082031234375 0.498954065625 0.4248046875 0.5517844921874999 0.4052734359375 0.5400443984375001 0.3662109375 0.3375277484375 0.1728515640625 0.22452932812499998 0.103515625
2 0 0.4482421890625 0.007337557812499999 0.5898437484375 0.1306085625 0.619140625 0.264152153125 0.6220703125 0.296437415625 0.5849609375 0.28616483125 0.5605468765625 0.168763875 0.4980468765625 0 0.4482421890625
2 0.37715057343749997 0.619140625 0.3213851203125 0.6015625015625 0.2744247375 0.625 0.041090332812500005 0.6083984359375 0.054297940625 0.6269531234375 0.36247545312499996 0.775390625 0.48574645937499994 0.806640625 0.61929004375 0.8154296875 0.68386056875 0.7802734359375 0.6457052562500001 0.7236328109375 0.39476071562500004 0.7148437484375 0.37715057343749997 0.619140625
2 0.007337557812499999 0.615234375 0 0.7763671890625 0.10419335 0.8105468765625 0.21425674374999998 0.8134765640625 0.28616483125 0.796875 0.29937243750000003 0.7587890625 0.20398416406250003 0.697265625 0.007337557812499999 0.615234375
2 0.0058700484375 0.8076171890625 0.14968621875000002 0.9560546875 0.24800951875 0.9960937484375 0.6457052562500001 0.9990234359375 0.400630765625 0.9042968765625 0.25387956875 0.8730468765625 0.04549286875 0.8007812515625 0.0058700484375 0.8076171890625
2 0.661847890625 0.7167968765625 0.6633154046875 0.7392578109375 0.8218066937499999 0.8837890625 0.93920765 0.9248046875 0.9920380812499999 0.9033203125 0.9891030546874999 0.8388671890625 0.8981173171875 0.7177734359375 0.661847890625 0.7167968765625
2 0.603147415625 0.8242187484375 0.44759114687499996 0.802734375 0.3272551640625 0.7675781234375 0.2744247375 0.8125 0.114465934375 0.8173828109375 0.2685546890625 0.875 0.43878607656249996 0.900390625 0.4710713390625 0.921875 0.5400443984375001 0.9228515640625 0.6207575578125 0.916015625 0.6633154046875 0.8701171890625 0.65157530625 0.8466796875 0.603147415625 0.8242187484375
2 0.0014675140625 0 0 0.2841796875 0.0381553109375 0.2861328109375 0.09098574375 0.2001953125 0.088050715625 0.06738281093750001 0.0498954046875 0.0009765640625 0.0014675140625 0