2 0.3720703125 0.267087175 0.2216796875 0.199581628125 0.130859375 0.2362694265625 0.1328125015625 0.2626846390625 0.1806640625 0.3316577 0.2333984359375 0.38155310937500003 0.328125 0.400630765625 0.3837890625 0.3991632515625 0.3984374984375 0.374215546875 0.396484375 0.30671 0.3720703125 0.267087175
2 0.1914062515625 0.48868148125 0.2988281234375 0.40650080937500005 0.2001953125 0.3668779890625 0.1328125015625 0.42704597812499995 0.1914062515625 0.48868148125
2 0.3466796875 0.3991632515625 0.2177734359375 0.4607987546875 0.166015625 0.567927125 0.2158203125 0.6104849734375 0.255859375 0.6148875078125 0.4130859375 0.504824109375 0.4140625015625 0.43878607656249996 0.3837890625 0.40503330000000004 0.3466796875 0.3991632515625
2 0.4580078109375 0.504824109375 0.3994140625 0.5165642078125 0.2695312515625 0.6501077984375 0.2480468765625 0.7352234859375 0.3242187484375 0.7675087546875 0.3798828109375 0.736691 0.4238281234375 0.682393059375 0.46875 0.564992103125 0.4580078109375 0.504824109375
2 0.5126953125 0.52830430625 0.4726562515625 0.5561870328125 0.396484375 0.7645737265625 0.396484375 0.8672995625000001 0.4140625015625 0.876104634375 0.4736328109375 0.8570269843749999 0.5195312515625 0.7645737265625 0.525390625 0.5532520046875 0.5126953125 0.52830430625
2 0.6103515640625 0.707340759375 0.6015625015625 0.8085990875 0.615234375 0.8174041578125 0.630859375 0.7645737265625 0.6201171890625 0.736691 0.6132812515625 0.7587036781250001 0.6103515640625 0.707340759375
2 0.5400390625 0.52830430625 0.5273437484375 0.567927125 0.5234374984375 0.72348339375 0.5292968765625 0.8174041578125 0.5488281234375 0.876104634375 0.5625 0.876104634375 0.609375 0.6970681796875 0.5820312515625 0.5356418640625 0.5673828109375 0.5165642078125 0.5400390625 0.52830430625
2 0.6103515640625 0.4549287046875 0.5800781234375 0.49455152968749994 0.6015625015625 0.661847890625 0.6259765640625 0.7102757875 0.666015625 0.714678321875 0.7070312515625 0.6647829125 0.712890625 0.5737971749999999 0.6630859375 0.469603825 0.6103515640625 0.4549287046875
2 0.7314453125 0.375683059375 0.6474609375 0.3874231578125 0.6367187484375 0.4446561203125 0.6806640625 0.48427894531250004 0.7353515640625 0.5811347328124999 0.78125 0.609017459375 0.833984375 0.5591220546875 0.833984375 0.5062916234375 0.8125 0.45639621874999997 0.7314453125 0.375683059375
2 0.8369140625 0.21425674374999998 0.7705078109375 0.2201267921875 0.6806640625 0.2788272734375 0.6386718765625 0.3448653109375 0.6435546875 0.3874231578125 0.7138671890625 0.3698130109375 0.7792968765625 0.39182569375 0.8564453125 0.3404627765625 0.8984374984375 0.28029478124999996 0.896484375 0.25387956875 0.8369140625 0.21425674374999998
2 0.306640625 0.8526244421875001 0.3613281234375 0.86142951875 0.3945312515625 0.84088435 0.4091796875 0.713210809375 0.3203125015625 0.776313825 0.306640625 0.8526244421875001
2 0.46875 0.9171949734375 0.5390625015625 0.8702345906250001 0.5224609375 0.7689762625000001 0.453125 0.8878447328125001 0.46875 0.9171949734375
2 0.6210937484375 0.843819371875 0.6601562515625 0.905454875 0.7050781234375 0.8291442515625 0.7001953125 0.6926656390625 0.6386718765625 0.720548371875 0.6210937484375 0.843819371875
2 0.708984375 0.5415119125000001 0.7167968765625 0.635432678125 0.7333984359375 0.6603803765625 0.8242187484375 0.7117432953125 0.8359374984375 0.6207575578125 0.8232421890625 0.58700478125 0.7724609375 0.6134199953125 0.708984375 0.5415119125000001