2 0.717221403125 0.5971913 0.747789684375 0.6019834328125 0.7475834703124999 0.48682353593750005 0.6639221359375 0.43007785312499996 0.4187698578125 0.359274953125 0.30340652968750004 0.360049184375 0.231752828125 0.4022984140625 0.5849752625 0.48863584375 0.6845071953125 0.5484325 0.717221403125 0.5971913
2 0.561326940625 0.300837025 0.5502037171875 0.3202046703125 0.7069143609374999 0.40472832187499996 0.77859080625 0.47254348593750006 0.7941336828125001 0.5290253296875 0.78262706875 0.5846445 0.7558167171875 0.6060566703125 0.7569731828124999 0.65380901875 0.911459478125 0.5671222640625 0.90210896875 0.4637586515625 0.8126551281250001 0.371200684375 0.7144795859374999 0.3178093453125 0.61925596875 0.2995034875 0.561326940625 0.300837025
2 0.55892151875 0.640494409375 0.5138162953125 0.5289922296875 0.504544196875 0.5528723546875 0.48530535312499995 0.6438724703125 0.529126315625 0.7197061484375 0.604999753125 0.7946534359374999 0.7014519625 0.831448453125 0.55892151875 0.640494409375
2 0.6292352890624999 0.5453973375000001 0.5702775890625 0.48689468593749996 0.5311875500000001 0.47992215624999995 0.5206147296875 0.5145763062500001 0.5594327140625001 0.59215904375 0.5465861640624999 0.5949303671874999 0.6139935015625 0.6848766015625001 0.6617558531250001 0.7920100796875 0.70293615625 0.8257699328125 0.7517208890625 0.8362326812499999 0.7546336078125 0.8076962968749999 0.7685252890625 0.818318634375 0.77550719375 0.8089982093750001 0.7589583875 0.802744575 0.76168764375 0.7691126890625 0.6292352890624999 0.5453973375000001
2 0.7252610046875 0.9142783734375 0.7690592234375 0.880047659375 0.7624607171875 0.8531165578125 0.6635348484375 0.82578574375 0.5894404109375 0.7846141203125 0.4835098953125 0.6565393328125 0.43517050625 0.783511321875 0.5046845656250001 0.8538023515625 0.6015037109375 0.9007883718749999 0.7252610046875 0.9142783734375
2 0.7400994484375001 1 0.7213588234375 0.946600440625 0.7442113328125 0.9403309953125 0.740142146875 0.9211150328125 0.6497937125 0.913143959375 0.63768103125 0.9362972859375001 0.63942796875 1 0.7400994484375001 1
2 0.6347377578125 1 0.6357742390625 0.9146054625 0.5358032421875001 0.8738809859375 0.529499534375 0.8864040687499999 0.5560639640625 1 0.6347377578125 1
2 0.5486205875 1 0.5341191171874999 0.9209065296875 0.49257188125000007 0.8769556796875 0.45181418124999995 0.8705661671874999 0.446005209375 0.881196409375 0.45980300781250005 1 0.5486205875 1
2 0.45790765625 1 0.454071446875 0.948891515625 0.4029016484375 0.8721872625 0.3316313375 0.8781849609375 0.3253276328125 0.8907080453124999 0.34702995468750003 0.9931931734375 0.3746010140625 1 0.45790765625 1
2 0.340175853125 0.990429753125 0.31878479375 0.880956284375 0.23492353124999998 0.8655576296874999 0.20180947031250002 0.8994928828125 0.2021599421875 0.9561264078124999 0.340175853125 0.990429753125
2 0.193153625 0.75288940625 0.2903232390625 0.8565089515625001 0.2532677921875 0.859144403125 0.32693962656250003 0.8729456859375 0.3569018328125 0.845271971875 0.26211099843749996 0.6513870140625 0.2695813453125 0.48366683125 0.23915733125 0.42034833281250006 0.21044018125 0.42006868124999996 0.1721396734375 0.45065749374999997 0.1327611171875 0.5607377 0.193153625 0.75288940625
2 0.43214645156250003 0.7776890203125 0.4809805734375 0.6488241921875 0.507584715625 0.5122521296875 0.48271407968749996 0.46247106875000005 0.4277534375 0.452447565625 0.40211600937499997 0.4751695546875 0.34120841562500004 0.690809578125 0.33778450000000004 0.767681328125 0.3704265765625 0.845703309375 0.43214645156250003 0.7776890203125
2 0.3321589921875 0.7834070718749999 0.3983580890625 0.44896525 0.31233443437499997 0.43604245468749997 0.2722220109375 0.5257406578125 0.26101019999999997 0.620814009375 0.3321589921875 0.7834070718749999
2 0.016191934375 0.6530871640625 0.0829767359375 0.757010078125 0.1555148515625 0.8331234046875 0.2450572921875 0.8499756625 0.24542422187500001 0.8601666640625 0.2550632484375 0.846477540625 0.2724737140625 0.8610293390624999 0.178216815625 0.7288734046875 0.0902965453125 0.4913093421875 0.032423184375000004 0.509822221875 0.0083812875 0.561224375 0.016191934375 0.6530871640625
2 0.5510983078125 0.23561778281249998 0.56577951875 0.2838014625 0.6605969953125 0.2282944515625 0.8190575984375 0.080022446875 0.6782011031249999 0.0449923046875 0.5715657515625 0.1631068296875 0.5510983078125 0.23561778281249998
2 0.05510868437500001 0.45201474687500004 0.08820628750000001 0.46452202031249995 0.1165565046875 0.45461066875 0.1745019921875 0.40683460781249997 0.1858808078125 0.3632992796875 0.3559985734375 0.25738865781250003 0.3895516953125 0.20438122500000003 0.30853102187500003 0.18970936562500001 0.167641603125 0.24756427187500002 0.07176253593750001 0.3361201484375 0.043762790625 0.402665025 0.05510868437500001 0.45201474687500004
2 0.0393102109375 0.41970058750000006 0.0678274328125 0.4613272640625 0.1155670421875 0.4583963515625 0.32805449375 0.3411128765625 0.48963402812499995 0.279464384375 0.5016189109375 0.2683949015625 0.484519715625 0.2468547625 0.382625459375 0.230880990625 0.390724621875 0.2056910421875 0.35077292031249996 0.19042035468750002 0.2483118046875 0.205602603125 0.10302547343749999 0.297672415625 0.0393102109375 0.41970058750000006
2 0.46286287968749995 0.3644984234375 0.6672574531250001 0.4289118125 0.7390060359375 0.46746379843749997 0.769374384375 0.5136029546875001 0.7848780515625 0.506462928125 0.74124055625 0.43572475468749994 0.674311490625 0.39032820468749996 0.6071268265625 0.36909934375 0.5421766859375 0.316131434375 0.45979961718749995 0.2950542546875 0.38592785625000003 0.3226 0.46286287968749995 0.3644984234375
2 0.9566634734375 0.3999692890625 0.9886639171875 0.412871134375 0.9918430140625001 0.30361269062499996 0.9428768468750001 0.267198715625 0.811603709375 0.20130010468749998 0.7384658109375 0.24922784843749998 0.9566634734375 0.3999692890625
2 0.3921304015625 0.07276878437499999 0.25505616875000003 0.0059364984375 0.10593505156250001 0.002465665625 0.0796884140625 0.10288525625 0.23186805625 0.0772007296875 0.3783500625 0.0965051328125 0.3921304015625 0.07276878437499999
2 0 0.411687259375 0.0371478234375 0.4221764484375 0.1037757984375 0.271611890625 0.17037085937500002 0.21393238750000002 0.28291006093750004 0.165988828125 0.2801416 0.1359988453125 0.1849179875 0.1176929890625 0.0607051609375 0.169717690625 0 0.40768340781249995 0 0.411687259375