2 0.4882812515625 0.59060385625 0.4960937484375 0.49934056718750003 0.537109375 0.37417948437500004 0.5302734359375 0.3207252734375 0.4931640625 0.32594032031250003 0.4306640625 0.425026175 0.4111328109375 0.42763370156249997 0.3710937484375 0.48369543281249994 0.3457031234375 0.569743675 0.349609375 0.6975122828125 0.4023437484375 0.890468953125 0.4599609375 0.9882510468750001 0.884765625 0.9947698562499999 0.900390625 0.9921623296875 0.6728515640625 0.8787350984375 0.5351562515625 0.7288025515625 0.4882812515625 0.59060385625
2 1 0.7131574171875 0.8935546875 0.677955865625 0.7490234359375 0.59190761875 0.6328125015625 0.45762020625 0.59375 0.361141871875 0.5732421890625 0.35201554687500003 0.5585937484375 0.37939453125 0.5703125015625 0.4263299375 0.5332031234375 0.4341525046875 0.4921874984375 0.5410609281250001 0.5039062515625 0.653184396875 0.546875 0.7392326437500001 0.6318359375 0.8370147375 0.7275390625 0.9074178453125 0.8681640625 0.9699983921875001 1 0.9921623296875 1 0.7131574171875
2 0.291015625 0.8487485921875001 0.2568359375 0.8396222625 0.2509765640625 0.8865576703125001 0.2373046875 0.8683050109374999 0.2319357640625 0.8945869078124999 0.318359375 0.9269742687500001 0.3623046875 0.923062984375 0.3671874984375 0.8774313406250001 0.2666015640625 0.8865576703125001 0.2851562515625 0.867001246875 0.2636718765625 0.8591786796875001 0.291015625 0.8487485921875001
2 0.0029296875 0.688385953125 0.369140625 0.8696087734375 0.380859375 0.8513561140625001 0.3369140625 0.631020459375 0 0.4550126859375 0.0029296875 0.688385953125
2 0.427734375 0.34810426250000004 0.3095703125 0.318117753125 0.0810546875 0.32333279375 0.0498046875 0.385913340625 0 0.4158998453125 0.0009765640625 0.4511014015625 0.2197265640625 0.5527947828124999 0.259765625 0.5514910203125 0.3427734359375 0.5397571703125 0.369140625 0.4680502984375 0.4101562515625 0.4211148921875 0.427734375 0.34810426250000004
2 0.6210937484375 0.4341525046875 0.6474609375 0.4719615828125 0.7939453125 0.6127677984375001 0.8974609375 0.675348340625 1 0.707942371875 0.9990234359375 0.4563164484375 0.7763671890625 0.43024122187499997 0.609375 0.37157196406250004 0.6210937484375 0.4341525046875
2 0.8105468765625 0.1264648453125 0.8388671890625 0.17470401093750001 0.8671874984375 0.11081970625 0.865234375 0.04563164375 0.8935546875 0.0078225671875 0.7177734359375 0.052150453124999996 0.6630859375 0.096478334375 0.6210937484375 0.1812228203125 0.630859375 0.25944849531249997 0.6113281234375 0.3063839015625 0.619140625 0.36896444375000004 0.7617187484375 0.4158998453125 0.791015625 0.40807727812500005 0.7695312515625 0.37417948437500004 0.7675781234375 0.33506665 0.8105468765625 0.1264648453125
2 0.5791015640625 0.19034914375 0.6845703125 0.0704031078125 0.802734375 0.0013037625000000001 0.4677734359375 0.005215046875 0.4414062515625 0.061276778125 0.431640625 0.1316798859375 0.4335937484375 0.25944849531249997 0.458984375 0.31159894375 0.4980468765625 0.2881312421875 0.509765625 0.230765746875 0.5361328109375 0.1929566703125 0.5791015640625 0.19034914375
2 0.306640625 0.16297015937499998 0.2294921890625 0.0651880625 0.1435546875 0 0 0.0013037625000000001 0.0009765640625 0.0208601796875 0.1826171890625 0.1251610828125 0.2763671890625 0.2607522578125 0.291015625 0.25944849531249997 0.302734375 0.228158221875 0.291015625 0.2125130875 0.3125 0.194260428125 0.306640625 0.16297015937499998
2 0.0009765640625 0.023467701562500002 0 0.2829161953125 0.1640625015625 0.3220290359375 0.2333984359375 0.30247261875000003 0.2421874984375 0.22294317968750002 0.1845703125 0.130376128125 0.0009765640625 0.023467701562500002
2 0.2509765640625 0.083440721875 0.359375 0.1447175 0.3789062515625 0.0873520046875 0.3388671890625 0.0026075203125 0.15625 0.0013037625000000001 0.2509765640625 0.083440721875
2 0.8984374984375 0.30116885625 0.8925781234375 0.194260428125 0.9042968765625 0.139502459375 0.8759765640625 0.10951594843750001 0.7949218765625 0.251625928125 0.791015625 0.36374939687499996 0.8212890625 0.43284874218749997 0.953125 0.44458259218749996 0.9414062515625 0.4237224125 0.9511718765625 0.4106848046875 0.9257812515625 0.3846095765625 0.8984374984375 0.30116885625
2 0.0009765640625 0.9986811390625 0.353515625 0.9973773765624999 0.3486328109375 0.9647833453124999 0.2451171890625 0.9074178453125 0 0.8696087734375 0.0009765640625 0.9986811390625