2 0.3710937484375 0.277359759375 0.3710937484375 0.165828853125 0.3486328109375 0.14968621875000002 0.3085937484375 0.2597496171875 0.3710937484375 0.277359759375
2 0.3789062515625 0.3566054046875 0.380859375 0.4329160265625 0.416015625 0.5004215734375 0.458984375 0.42411095625 0.4248046875 0.355137890625 0.3896484359375 0.3463328203125 0.3789062515625 0.3566054046875
2 0.177734375 0.5268367921875 0.2001953125 0.5517844921874999 0.328125 0.5943423390625 0.3789062515625 0.523901765625 0.3115234359375 0.48427894531250004 0.1796874984375 0.4622662671875 0.177734375 0.5268367921875
2 0.162109375 0.7058732515624999 0.1904296875 0.7249509078124999 0.2851562515625 0.726418415625 0.3193359375 0.669185453125 0.3789062515625 0.62662760625 0.2490234359375 0.642770234375 0.162109375 0.7058732515624999
2 0.11425781093750001 0.6545103328125 0.08203125156249999 0.7058732515624999 0.1484374984375 0.714678321875 0.2099609375 0.6633154046875 0.3105468765625 0.6207575578125 0.1904296875 0.616355021875 0.11425781093750001 0.6545103328125
2 0 0.7528336343750001 0.0019531234375000002 0.8379493281249999 0.1025390625 0.8130016234375 0.1835937484375 0.7322884640625 0.032226564062500004 0.7308209515625 0 0.7528336343750001
2 0.1962890625 0.733755978125 0.1005859375 0.8159366453124999 0.019531251562499997 0.9641553546875 0.0224609375 0.99790813125 0.0585937484375 0.9964406171875 0.1708984359375 0.8687670765625001 0.1982421890625 0.798326503125 0.2695312515625 0.7322884640625 0.1962890625 0.733755978125
2 0.337890625 0.72348339375 0.2919921890625 0.7278859296875 0.2041015640625 0.79539148125 0.1738281234375 0.8672995625000001 0.1855468765625 0.9436101859375 0.271484375 0.843819371875 0.2802734359375 0.798326503125 0.3232421890625 0.8100666015625 0.337890625 0.72348339375
2 0.2988281234375 0.993505590625 0.369140625 0.9964406171875 0.3144531234375 0.8262092296875 0.2802734359375 0.8012615249999999 0.2734374984375 0.8555594703124999 0.2988281234375 0.993505590625
2 0.3300781234375 0.7909889453125001 0.3359374984375 0.8731696124999999 0.3730468765625 0.9905705687499999 0.40625 0.9964406171875 0.400390625 0.7997940156250001 0.3789062515625 0.7410935359375 0.3466796875 0.7161458359374999 0.3300781234375 0.7909889453125001
2 0.4492187484375 0.7293534421875 0.4326171890625 0.7249509078124999 0.4082031234375 0.78805391875 0.4101562515625 0.9964406171875 0.4726562515625 0.9964406171875 0.4492187484375 0.9377401359374999 0.4667968765625 0.8584944921875 0.462890625 0.7792488468750001 0.4492187484375 0.7293534421875
2 0.6523437484375 0.7410935359375 0.5673828109375 0.7719112890625001 0.4814453125 0.8540919562499999 0.4511718765625 0.9318700921874999 0.4580078109375 0.9538827703124999 0.4824218765625 0.9553502843749999 0.5595703125 0.8863772187500001 0.6591796875 0.8335467875000001 0.6425781234375 0.7792488468750001 0.6523437484375 0.7410935359375
2 0.6445312515625 0.7792488468750001 0.65625 0.8144691359375 0.7207031234375 0.876104634375 0.7578125015625 0.8027290375 0.6962890625 0.7425610484375 0.6572265640625 0.736691 0.6445312515625 0.7792488468750001
2 0.6132812515625 0.9171949734375 0.6650390625 0.994973103125 0.7226562515625 0.9964406171875 0.7099609375 0.903987365625 0.6474609375 0.8540919562499999 0.6074218765625 0.8702345906250001 0.6132812515625 0.9171949734375
2 0.4863281234375 0.9700253984374999 0.4892578109375 0.99790813125 0.5703125015625 0.9964406171875 0.6269531234375 0.9553502843749999 0.6005859375 0.8687670765625001 0.5087890625 0.9274675515625 0.4863281234375 0.9700253984374999
2 0.4677734359375 0.6222250703125 0.4570312515625 0.667717940625 0.4804687484375 0.7352234859375 0.4765625015625 0.8584944921875 0.5449218765625 0.785118896875 0.5449218765625 0.7381585140625 0.515625 0.6647829125 0.4677734359375 0.6222250703125
2 0.6669921890625 0.7249509078124999 0.765625 0.7968589890625 0.8203125015625 0.7410935359375 0.7080078109375 0.6603803765625 0.6523437484375 0.682393059375 0.6669921890625 0.7249509078124999
2 0.6269531234375 0.597277365625 0.6396484359375 0.61929004375 0.7148437484375 0.6178225296875001 0.75 0.597277365625 0.7841796875 0.4901489953125 0.6435546875 0.557654540625 0.6269531234375 0.597277365625
2 0.5302734359375 0.5018890875 0.4921874984375 0.5385768859375 0.5009765640625 0.5840697593749999 0.625 0.597277365625 0.6435546875 0.55471951875 0.693359375 0.523901765625 0.5830078109375 0.4960190375 0.5302734359375 0.5018890875
2 0.5664062515625 0.7293534421875 0.572265625 0.7675087546875 0.630859375 0.7352234859375 0.6162109375 0.6897306171875 0.583984375 0.6882631031249999 0.5664062515625 0.7293534421875
2 1 0.7029382234375 0.9404296875 0.6956006671875 0.8544921890625 0.7190808578125 0.7783203125 0.7865864046875 0.7167968765625 0.899584825 0.7382812515625 0.9758954484375 0.84375 0.8350142999999999 0.8623046875 0.75723616875 0.9990234359375 0.8012615249999999 1 0.7029382234375
2 1 0.9494802343750001 0.9638671890625 0.8893122453125001 0.8671874984375 0.805664059375 0.9443359375 0.99790813125 1 0.9964406171875 1 0.9494802343750001
2 0.9375 0.9964406171875 0.8632812515625 0.8174041578125 0.8466796875 0.8130016234375 0.853515625 0.9905705687499999 0.9375 0.9964406171875
2 0.744140625 0.9964406171875 0.7734374984375 0.9964406171875 0.8457031234375 0.9494802343750001 0.8447265640625 0.8482219078125001 0.7617187484375 0.9406751640625 0.744140625 0.9964406171875
2 0.869140625 0.69119813125 0.9042968765625 0.6970681796875 0.9990234359375 0.6956006671875 1 0.6002123874999999 0.9501953125 0.6134199953125 0.869140625 0.69119813125
2 0.7929687484375 0.6178225296875001 0.8115234359375 0.6457052562500001 0.8769531234375 0.667717940625 0.9375 0.6178225296875001 0.8876953125 0.5781997109375 0.8447265640625 0.5781997109375 0.7929687484375 0.6178225296875001
2 0.8886718765625 0.567927125 0.947265625 0.609017459375 1 0.5415119125000001 0.9990234359375 0.4519936828125 0.9267578109375 0.504824109375 0.8886718765625 0.567927125
2 0.791015625 0.48574645937499994 0.75 0.597277365625 0.806640625 0.609017459375 0.8398437484375 0.5209667437500001 0.8417968765625 0.4710713390625 0.8271484359375 0.4549287046875 0.791015625 0.48574645937499994
2 0.4677734359375 0.42557846406250005 0.4355468765625 0.479876409375 0.4726562515625 0.4974865515625 0.5439453125 0.45786372656249996 0.6054687484375 0.3507353546875 0.5341796875 0.3639429625 0.4677734359375 0.42557846406250005
2 0.2353515640625 0.35220286875 0.322265625 0.3595404265625 0.3701171890625 0.2846973171875 0.2900390625 0.261217125 0.224609375 0.30377497343750004 0.2353515640625 0.35220286875
2 0.1181640625 0.38155310937500003 0.2275390625 0.469603825 0.2949218765625 0.4769413828125 0.2314453125 0.35220286875 0.1611328109375 0.32285262812500004 0.11328125156249999 0.3507353546875 0.1181640625 0.38155310937500003
2 0.015625 0.518031721875 0.09472656406249999 0.55471951875 0.1259765640625 0.5136291859375001 0.1640625015625 0.5532520046875 0.1738281234375 0.5121616718750001 0.11425781093750001 0.469603825 0.07324218906249999 0.469603825 0.015625 0.518031721875
2 0.11035156406249999 0.5752646890625 0.0507812515625 0.629562628125 0.056640625 0.7058732515624999 0.068359375 0.7117432953125 0.15625 0.6207575578125 0.1699218765625 0.5914073171875 0.1591796875 0.5635245906249999 0.11035156406249999 0.5752646890625
2 0.5332031234375 0.24800951875 0.5273437484375 0.28029478124999996 0.5400390625 0.3023074640625 0.6279296875 0.3345927265625 0.666015625 0.374215546875 0.677734375 0.283229809375 0.6689453125 0.267087175 0.5830078109375 0.23186689062500002 0.5332031234375 0.24800951875
2 0.6054687484375 0.49161650312500005 0.6425781234375 0.37128052500000003 0.6259765640625 0.3375277484375 0.5488281234375 0.453461190625 0.6054687484375 0.49161650312500005
2 0.5283203125 0.1672963609375 0.453125 0.2069191859375 0.4755859375 0.25534708125 0.5234374984375 0.2597496171875 0.5419921890625 0.2348019125 0.6025390625 0.23186689062500002 0.630859375 0.18343899531250002 0.5283203125 0.1672963609375
2 0.4140625015625 0.3331252125 0.4667968765625 0.42411095625 0.5136718765625 0.374215546875 0.4755859375 0.3140475578125 0.4287109375 0.29056736562499996 0.4140625015625 0.3331252125
2 0.8369140625 0.3668779890625 0.7675781234375 0.43878607656249996 0.875 0.46520128906249997 0.8955078109375 0.43731856249999995 0.9208984359375 0.43731856249999995 0.9257812515625 0.3976957375 0.8369140625 0.3668779890625
2 0.7841796875 0.37861808125 0.7255859375 0.39622822968750004 0.681640625 0.45052616875 0.6601562515625 0.5004215734375 0.7050781234375 0.518031721875 0.7304687484375 0.5004215734375 0.7470703125 0.43731856249999995 0.7792968765625 0.41824090781249995 0.7841796875 0.37861808125
2 0.6738281234375 0.29496990156249997 0.6738281234375 0.368345503125 0.6171874984375 0.48574645937499994 0.6640625015625 0.4974865515625 0.7382812515625 0.3800855953125 0.724609375 0.309645021875 0.6943359375 0.2729572234375 0.6738281234375 0.29496990156249997
2 0.8974609375 0.1849065078125 0.8613281234375 0.22159430625 0.8740234359375 0.264152153125 0.927734375 0.2685546890625 0.9658203125 0.2348019125 0.9990234359375 0.264152153125 1 0.168763875 0.8974609375 0.1849065078125
2 0.7890625015625 0.2098542078125 0.8242187484375 0.309645021875 0.8662109375 0.296437415625 0.8730468765625 0.2685546890625 0.8134765640625 0.17903645937499998 0.7890625015625 0.2098542078125
2 0.7460937484375 0.28029478124999996 0.759765625 0.3595404265625 0.8164062515625 0.3184500921875 0.7988281234375 0.24800951875 0.7685546875 0.2259968421875 0.7460937484375 0.28029478124999996
2 0.6582031234375 0.22452932812499998 0.6728515640625 0.267087175 0.7363281234375 0.29496990156249997 0.7539062515625 0.2392044484375 0.7773437484375 0.22452932812499998 0.7646484359375 0.18197148125 0.6582031234375 0.22452932812499998
2 0.1943359375 0.1350110984375 0.1894531234375 0.162893825 0.2050781234375 0.165828853125 0.2705078109375 0.1584912890625 0.4179687484375 0.0601679890625 0.2783203125 0.0675055515625 0.1943359375 0.1350110984375
2 0.2050781234375 0.277359759375 0.2382812515625 0.283229809375 0.3056640625 0.261217125 0.3457031234375 0.1482187046875 0.2802734359375 0.173166409375 0.2050781234375 0.277359759375
2 0.083984375 0.127673540625 0.1425781234375 0.22159430625 0.1875 0.165828853125 0.1416015640625 0.093920765625 0.0849609375 0.0763106234375 0.083984375 0.127673540625
2 0.1748046875 0.1878415296875 0.11328125156249999 0.277359759375 0.1484374984375 0.283229809375 0.1982421890625 0.28176229531249997 0.2792968765625 0.162893825 0.2216796875 0.1614263171875 0.1748046875 0.1878415296875
2 0.042968748437499996 0.168763875 0.0507812515625 0.21572425625 0.0751953125 0.2729572234375 0.09765625156249999 0.2744247375 0.134765625 0.2274643546875 0.0966796875 0.146751196875 0.0537109375 0.1320760765625 0.042968748437499996 0.168763875
2 0.3857421890625 0.525369278125 0.328125 0.6002123874999999 0.3330078109375 0.616355021875 0.3984374984375 0.6178225296875001 0.421875 0.609017459375 0.427734375 0.5297718140625001 0.4462890625 0.4901489953125 0.3857421890625 0.525369278125
2 0.5634765640625 0.05283043125 0.5087890625 0.0763106234375 0.4511718765625 0.139413634375 0.4658203125 0.18197148125 0.4824218765625 0.1805039734375 0.5087890625 0.140881146875 0.5341796875 0.14968621875000002 0.552734375 0.127673540625 0.5634765640625 0.05283043125
2 0.3886718765625 0.218659278125 0.396484375 0.2597496171875 0.4609374984375 0.186374015625 0.4384765640625 0.1232710046875 0.400390625 0.1540887546875 0.3886718765625 0.218659278125
2 0.4619140625 0.22306181406249997 0.3857421890625 0.267087175 0.333984375 0.3507353546875 0.3769531234375 0.3566054046875 0.4072265640625 0.3404627765625 0.4248046875 0.29056736562499996 0.4570312515625 0.283229809375 0.4619140625 0.22306181406249997
2 0.4667968765625 0.6178225296875001 0.2744140625 0.6339651640625 0.166015625 0.7058732515624999 0.1943359375 0.7249509078124999 0.2832031234375 0.72348339375 0.4052734359375 0.6985356890625 0.4228515640625 0.6633154046875 0.4482421890625 0.669185453125 0.4667968765625 0.6178225296875001
2 0.7509765640625 0.0704405734375 0.6494140625 0.137946125 0.634765625 0.15702378125 0.6484374984375 0.168763875 0.8349609375 0.15262124531250001 0.8730468765625 0.1247385140625 0.875 0.07484310937500001 0.7509765640625 0.0704405734375