2 0.728028621875 0.3532807140625 0.8096844515624999 0.39190795624999997 0.8602504234374999 0.3779293015625 0.892894115625 0.32413591249999996 0.856754321875 0.27828405625 0.7191318625 0.2495322921875 0.566732496875 0.269753821875 0.4865239375 0.310263328125 0.4791410375 0.33921345468749997 0.496690403125 0.35031703593749997 0.728028621875 0.3532807140625
2 0.525580471875 0.5322426109375 0.6527079453125 0.5279373781250001 0.7784547374999999 0.4980571953125 0.854259303125 0.4413813453125 0.8366877421875 0.4124238359375 0.7823748312500001 0.39624272031249996 0.6873116875 0.42323675625 0.40307452968749996 0.4564478125 0.398386415625 0.48298604687499996 0.4307903640625 0.5076050984375 0.525580471875 0.5322426109375
2 0.7624592078125 0.3805543265625 0.7091429578125 0.3523100484375 0.440033428125 0.3474050375 0.280590784375 0.398506946875 0.2658027921875 0.4385532703125 0.34641755937499996 0.45353581875 0.67112080625 0.41985419375 0.7307899859375 0.40443061562500005 0.7624592078125 0.3805543265625
2 0.7892449546875 0.4973365828125 0.2990635546875 0.609864296875 0.2765086421875 0.6412226265625 0.36253516406249997 0.6692353140625 0.5709122578125 0.6480652765625 0.7272983046875 0.5795910703125 0.7724414187499999 0.543655309375 0.7892449546875 0.4973365828125
2 0.5902041265625 0.704527990625 0.664310584375 0.63820086875 0.6481086109375 0.6258913390624999 0.5200066609375 0.6601136750000001 0.3972720796875 0.6716582843750001 0.31843310625 0.7288157749999999 0.3167682890625 0.7459454015625 0.35390475781249997 0.7797340875 0.457753678125 0.7672188109375 0.5902041265625 0.704527990625
2 0.8694646140625 0.4657540421875 0.8411361218750001 0.46429804375000006 0.800363696875 0.489619253125 0.7808653859375 0.538349878125 0.790703328125 0.5854002921875 0.8677265265624999 0.695200603125 0.91762435 0.6862884046875 0.9228696390625 0.5654140515625 0.8694646140625 0.4657540421875
2 0.763471390625 0.652223828125 0.6973604859375 0.63989953125 0.6650009296875 0.65098834375 0.6124749078125 0.7158742375 0.6135492640625 0.7662998328125 0.652701265625 0.7938161140625 0.6924881171874999 0.7894850375 0.7541173437500001 0.723154221875 0.763471390625 0.652223828125
2 0.93291844375 0.7820768265625 0.887313621875 0.717885709375 0.8177843062499999 0.668404934375 0.773955278125 0.67635385625 0.7517954796875 0.7542772734375001 0.8055401265625 0.8558675390625 0.8828141703125001 0.8961823671875001 0.9326454078124999 0.8337083734374999 0.93291844375 0.7820768265625
2 1 0.5282806546875001 0.9851781109375001 0.5029437484375 0.909329153125 0.5239117281250001 0.934394590625 0.6131887765624999 0.927056084375 0.67784676875 0.893360234375 0.6990684953125 0.8957486828125001 0.7215072453125 0.9099573171875001 0.757943109375 0.9433468421875 0.7615720296874999 1 0.6984747875 1 0.5282806546875001
2 1 0.41248701875 0.9156155 0.4266820765625 0.8900150859375 0.44959508281250005 0.8930827796875 0.4758943390625 0.9534756 0.5000391359374999 1 0.49725552031250003 1 0.41248701875
2 1 0.3219455234375 0.9148252734375 0.333551903125 0.8835067765625 0.3682854125 0.93008606875 0.4025594296875 1 0.4016291359375 1 0.3219455234375
2 0.8776777109375 0.29083625 0.8976155312499999 0.3243785796875 0.9467231359375001 0.22233620625 0.9091582624999999 0.11520153749999999 0.783629021875 0.048815343750000004 0.6919177046875 0.0594040578125 0.67475235 0.0859386 0.7719753093749999 0.16872272500000002 0.81626603125 0.26090068906249997 0.8776777109375 0.29083625
2 0.45576260625 0.250660715625 0.45270600781250003 0.23328842500000002 0.5116515515625 0.1782964703125 0.43609782187499996 0.16548684375 0.3534897125 0.1746306359375 0.28507914218749997 0.2112833234375 0.273303353125 0.232994075 0.32325667343750003 0.2687167046875 0.425090059375 0.2624738328125 0.45576260625 0.250660715625
2 0.37620590625 0 0.2464066265625 0.026942156249999998 0.3135807828125 0.08076508125000001 0.49309442187499997 0.17032909375 0.58884790625 0.156122540625 0.5482708296875 0.06732344375 0.4216696265625 0 0.37620590625 0
2 0.3328393609375 0.110446896875 0.24957420468749997 0.1335841109375 0.216240165625 0.174590025 0.2810258765625 0.2059741984375 0.35045531093750004 0.1751122765625 0.44654842187500005 0.16283597656249998 0.3854541625 0.11697673906249999 0.3328393609375 0.110446896875
2 0.29154306406249997 0.2568851265625 0.2334610109375 0.19269031718750002 0.1724222453125 0.1914659078125 0.022739856250000003 0.227129475 0.012256739062499999 0.2338725 0.014759003125 0.2816185515625 0.0204512859375 0.2850334203125 0.15534567500000002 0.2894161796875 0.27133220625 0.2749743453125 0.29154306406249997 0.2568851265625
2 0.01155786875 0.2205372703125 0.2226596921875 0.184483965625 0.10390069375 0.1388489328125 0.006540135937499999 0.124793240625 0.01155786875 0.2205372703125
2 0.150324615625 0.048145426562499996 0.0667198375 0.06935238437499999 0.0580006453125 0.1084354265625 0.2135231890625 0.1591479890625 0.269456528125 0.12249161093750001 0.3274387015625 0.106343721875 0.2437562359375 0.0650619203125 0.150324615625 0.048145426562499996
2 0.3455163515625 0.2711359859375 0.3205951875 0.29790949843750003 0.3250213703125 0.331929775 0.3463065765625 0.3642661578125 0.4427282078125 0.34499314375 0.4446882578125 0.29408590625 0.3947460328125 0.267290240625 0.3455163515625 0.2711359859375
2 0.8128920078125 0.2594520765625 0.7733559875 0.194297675 0.6718067328124999 0.15783597031250002 0.525476175 0.177094215625 0.4618203125 0.24077046562499999 0.48747621875 0.26249229375 0.55054161875 0.266371259375 0.70968903125 0.24904696093749998 0.8128920078125 0.2594520765625
2 0.8177510078125 0.6416240375 0.7751694984374999 0.5680243125 0.6733805 0.609975046875 0.6649787328125 0.6331344125 0.786399215625 0.649576646875 0.8177510078125 0.6416240375
2 0.1243668 0.32607994218749997 0.2249082859375 0.3656778515625 0.3385507609375 0.36450513125 0.3138360390625 0.2860853046875 0.1435476875 0.29327299687499997 0.124673128125 0.30122930000000003 0.1243668 0.32607994218749997
2 0.1830837015625 0.3584274 0.020838875 0.397629409375 0.0246103734375 0.4695938953125 0.12083072187499999 0.46553253593750005 0.240169084375 0.4346853765625 0.297087990625 0.3770388671875 0.1830837015625 0.3584274
2 0.28878610937500004 0.480540925 0.30156967031250004 0.45569397343749996 0.2374743015625 0.437097271875 0.0854589515625 0.49495692187499996 0.0276078984375 0.526790096875 0.027774818750000003 0.5299751265625 0.0393746515625 0.5875906875 0.2167062828125 0.5495226078125001 0.2224021703125 0.519848175 0.28878610937500004 0.480540925
2 0.112104846875 0.7704943109375 0.0750675859375 0.799190971875 0.08420475937500001 0.8423842984375 0.2086374546875 0.8404909640625 0.3953897171875 0.7850542875000001 0.3093742921875 0.7659685640625 0.347056825 0.6964941625 0.112104846875 0.7704943109375
2 0.5974582671875 0.8432599671875 0.611205203125 0.77956895 0.6010387390624999 0.7395152390625 0.5423773234375 0.7518026171875001 0.489478390625 0.7879773578125 0.3263442984375 0.85355433125 0.3223354203125 0.8839530703125 0.4343130796875 0.8999099765624999 0.576568171875 0.8574886734374999 0.5974582671875 0.8432599671875
2 0.5971519375 0.8681106125 0.3641822015625 0.90905745625 0.306550753125 0.9360625656250001 0.29613345 0.9654943296875 0.364983503125 0.9890846156249999 0.5028571796875 0.9842699609375 0.529509396875 0.9800395421875001 0.567542646875 0.9214223625000001 0.6312207062499999 0.8756000390625 0.5971519375 0.8681106125
2 0.7721284125000001 0.834384684375 0.7208831921875001 0.8445028359375 0.574619225 0.917322878125 0.5460177015625 0.9674984234374999 0.5592506453125 0.9823006578125 0.5829890890625 0.9814716921875 0.704168440625 0.9622372921875 0.80391970625 0.9087050265625001 0.8214135859375 0.875173775 0.7721284125000001 0.834384684375
2 0.116608715625 0.8670033500000001 0.0900109546875 0.8841221765625 0.10322359375000001 0.9504785578125 0.32000245625 0.9061491531250001 0.32330989374999997 0.854035971875 0.49756272656249995 0.7807416703125 0.5389922031250001 0.7414270359375 0.116608715625 0.8670033500000001
2 0.3200424328125 0.6670513203125 0.2755008734375 0.644358828125 0.2886129515625 0.612515165625 0.2221846296875 0.61611455 0.19387833593749998 0.6325124828125 0.08607602656249999 0.7200613328125 0.0746509546875 0.7526293046875 0.140411134375 0.754096375 0.29747642500000004 0.6894826859375 0.3200424328125 0.6670513203125
2 0.257445415625 0.49742050000000004 0.2254365765625 0.519366534375 0.22850427187500003 0.5456657921875 0.349924759375 0.5621080265625 0.5238934578125 0.53151830625 0.41932089687499996 0.5044652046875 0.3885817640625 0.46271652812499997 0.257445415625 0.49742050000000004