2 0.4492187515625 0.1523110171875 0.4013671875 0.11077164843750001 0.3505859359375 0.138464559375 0.3007812484375 0.2692366421875 0.296875 0.42308615625 0.3242187515625 0.5092418828125 0.3515625 0.52154984375 0.3652343765625 0.5061648937500001 0.4042968765625 0.2784676140625 0.4550781234375 0.2046198484375 0.4492187515625 0.1523110171875
2 0.5546875 0.2538516921875 0.5107421875 0.1692344640625 0.4794921875 0.181542425 0.4550781234375 0.232312759375 0.4667968765625 0.33077644687499996 0.4550781234375 0.6169365421874999 0.4804687515625 0.6261675078125 0.5097656234375 0.5984745984375001 0.5488281234375 0.5092418828125 0.5644531234375 0.383085284375 0.5546875 0.2538516921875
2 0.4365234359375 0.24923620624999998 0.4003906234375 0.296929559375 0.3535156234375 0.5615507156249999 0.3789062484375 0.727708190625 0.4160156234375 0.7492471171874999 0.4433593765625 0.6723223625 0.4609375 0.34616140156249997 0.4550781234375 0.2846215984375 0.4365234359375 0.24923620624999998
2 0.5986328125 0.2676981515625 0.5556640640625 0.2430822296875 0.5898437515625 0.7461701281249999 0.6171875 0.7738630390625 0.6582031234375 0.6938612953125001 0.6699218765625 0.4846259609375 0.6269531234375 0.3184684859375 0.5986328125 0.2676981515625
2 0.6748046875 0.39077775937500003 0.6601562484375 0.4046242125 0.6738281234375 0.53693479375 0.6660156234375 0.6600144015625 0.7099609359375 0.747708625 0.7265625 0.7523241125 0.765625 0.72155420625 0.7695312484375 0.6169365421874999 0.7285156234375 0.4753949890625 0.6748046875 0.39077775937500003
2 0.5371093765625 0.15846499375 0.53125 0.1861579109375 0.5498046875 0.23077426874999998 0.5947265640625 0.258467178125 0.6425781234375 0.25692868125 0.7626953125 0.2000043625 0.7617187515625 0.149234028125 0.6435546875 0.123079609375 0.5371093765625 0.15846499375
2 0.7041015640625 0.2953910609375 0.6816406234375 0.3584693625 0.6875 0.3923162515625 0.7431640640625 0.455394553125 0.7929687515625 0.463087028125 0.8261718765625 0.42924013437499997 0.828125 0.38923926249999996 0.7724609359375 0.31692999374999997 0.7041015640625 0.2953910609375
2 0.8583984359375 0.1507725203125 0.7880859359375 0.1846194140625 0.7285156234375 0.2446207203125 0.7294921875 0.289237084375 0.8027343765625 0.32462246875 0.9111328125 0.289237084375 0.9628906234375 0.22000479843749998 0.9091796875 0.1600034921875 0.8583984359375 0.1507725203125
2 0.6533203125 0.0276929109375 0.5917968765625 0.050770340625 0.6005859359375 0.1292335859375 0.6923828125 0.1200026203125 0.7548828125 0.138464559375 0.7705078125 0.175388440625 0.7929687515625 0.1769269390625 0.8310546875 0.1692344640625 0.8398437515625 0.1369260671875 0.7822265640625 0.06461679375 0.6533203125 0.0276929109375
2 0.5058593765625 0.1061561625 0.5244140640625 0.13538757031249998 0.5507812484375 0.1369260671875 0.5839843765625 0.08154024062500001 0.5917968765625 0.001538496875 0.5048828125 0 0.5058593765625 0.1061561625
2 0.4140625 0.0907712125 0.4433593765625 0.1276950953125 0.484375 0.0876942234375 0.4970703125 0 0.4160156234375 0.001538496875 0.4140625 0.0907712125
2 0.4023437515625 0.1061561625 0.3095703125 0.040000871874999996 0.1982421875 0.058462815625 0.11328124843750001 0.1707729546875 0.109375 0.2630826640625 0.1328125 0.2846215984375 0.2294921875 0.20308135156249998 0.3271484359375 0.175388440625 0.3662109359375 0.1200026203125 0.4023437515625 0.1061561625
2 0.2431640640625 0.5292423187499999 0.1982421875 0.46154853593749995 0.1738281234375 0.5338578046875 0.1699218765625 0.6169365421874999 0.1953125 0.6907843078125 0.2148437515625 0.70616925625 0.2578125 0.663091390625 0.2675781234375 0.5615507156249999 0.2607421875 0.5292423187499999 0.2431640640625 0.5292423187499999
2 0.09472656406249999 0.40616270937500004 0 0.530780815625 0.0078125 0.696938284375 0.07128906406249999 0.6400139671875 0.1875 0.478471978125 0.1884765640625 0.3815467875 0.09472656406249999 0.40616270937500004
2 0.11816406406249999 0.5753971734375 0.10351562343750001 0.6261675078125 0.11328124843750001 0.712323234375 0.1484375 0.7523241125 0.1894531234375 0.6938612953125001 0.1699218765625 0.6200135312499999 0.1728515640625 0.5230883359375 0.11816406406249999 0.5753971734375
2 0.2412109359375 0.6923227984375 0.1689453125 0.738477653125 0.1582031234375 0.7984789609375 0.1699218765625 0.9523284750000001 0.1826171875 0.9815598828125 0.2109375 0.983098375 0.2265625 0.9646364359374999 0.2519531234375 0.8323258546875 0.2558593765625 0.7154002296875 0.2412109359375 0.6923227984375
2 0.1621093765625 0.9984833296875 0.1591796875 0.747708625 0.09570312343750001 0.8569417765624999 0.0527343765625 0.9954063359375 0.1621093765625 0.9984833296875
2 0.044921876562500004 0.70616925625 0.0136718765625 0.795401971875 0.021484376562499997 0.8815576984375 0.0585937515625 0.8969426484374999 0.1328125 0.7523241125 0.10546875156249999 0.6907843078125 0.0986328125 0.63078299375 0.044921876562500004 0.70616925625
2 0.2675781234375 0.5923206203125 0.2636718765625 0.6415524640625 0.2861328125 0.670783865625 0.3203125 0.6723223625 0.3554687515625 0.6569374140625001 0.3515625 0.5584737265624999 0.3017578125 0.5477042562500001 0.2675781234375 0.5923206203125
2 0.3251953125 0.1784654296875 0.2548828125 0.20615834687499998 0.203125 0.300006546875 0.1992187515625 0.447702078125 0.2519531234375 0.52154984375 0.2773437515625 0.5000109109374999 0.2910156234375 0.43847110625 0.2988281234375 0.2784676140625 0.3251953125 0.1784654296875
2 0.6484375 0.3769313015625 0.6699218765625 0.38923926249999996 0.7050781234375 0.27231363750000004 0.7021484359375 0.240005240625 0.6230468765625 0.2692366421875 0.6484375 0.3769313015625
2 0.2539062484375 0.8446338156250001 0.2587890640625 0.8646342515625 0.2832031234375 0.8692497375 0.3378906234375 0.7769400328125 0.3544921875 0.6646298875000001 0.2734375 0.6753993515625 0.2539062484375 0.8446338156250001
2 0.3242187515625 0.8169409046875 0.3378906234375 0.9892523578124999 0.4082031234375 0.9984833296875 0.4199218765625 0.8969426484374999 0.4082031234375 0.7738630390625 0.3603515640625 0.7077077546874999 0.3242187515625 0.8169409046875
2 0.4384765640625 0.7169387203124999 0.4101562484375 0.7769400328125 0.4433593765625 0.936943525 0.4658203125 1 0.5273437515625 0.9984833296875 0.5175781234375 0.8169409046875 0.4892578125 0.8061714406249999 0.4609375 0.7338621671875 0.4384765640625 0.7169387203124999
2 0.6826171875 0.71386173125 0.71875 0.958482453125 0.7412109359375 1 0.7851562484375 0.9984833296875 0.8027343765625 0.8754037203125 0.7773437515625 0.6815533359375 0.7451171875 0.763093575 0.6826171875 0.71386173125
2 0.8056640640625 0.4677025140625 0.7646484359375 0.470779503125 0.7675781234375 0.530780815625 0.7949218765625 0.589243625 0.8339843765625 0.761555078125 0.8632812484375 0.77078605 0.8964843765625 0.663091390625 0.8769531234375 0.5153958609375 0.8662109359375 0.4923184359375 0.8056640640625 0.4677025140625
2 0.9033203125 0.46462552500000004 0.890625 0.496933921875 0.8945312484375 0.7338621671875 0.9121093765625 0.795401971875 0.9394531234375 0.810786921875 0.9902343765625 0.7154002296875 0.9902343765625 0.5830896484375 0.9384765640625 0.5353963015625001 0.9033203125 0.46462552500000004
2 1 0.40770120624999995 0.9628906234375 0.300006546875 0.9326171875 0.2769291171875 0.8847656234375 0.3184684859375 0.8867187515625 0.3707773234375 0.9355468765625 0.527703821875 0.9804687515625 0.5646277046875 1 0.55231974375 1 0.40770120624999995
2 0.7568359359375 0.5323193078124999 0.8144531234375 0.9707904140625001 0.8271484359375 1 0.8945312484375 0.9984833296875 0.8847656234375 0.7769400328125 0.8339843765625 0.764632071875 0.7890625 0.580012659375 0.7568359359375 0.5323193078124999
2 0.6201171875 0.7754015359374999 0.5908203125 0.7569395984375 0.5839843765625 0.8230948828125 0.5957031234375 0.8538647875 0.6650390640625 0.9754058999999999 0.6953125 0.992329346875 0.7070312484375 0.927712553125 0.6679687515625 0.761555078125 0.6494140640625 0.7354006640625 0.6201171875 0.7754015359374999
2 0.4589843765625 0.6323214921875 0.4726562484375 0.7677090609375 0.4892578125 0.8030944468750001 0.515625 0.80463294375 0.5507812484375 0.6877073125 0.5478515640625 0.5107803796875 0.5048828125 0.6092440671875 0.4589843765625 0.6323214921875