2 0.5224609375 0.22306181406249997 0.4111328109375 0.2524120546875 0.3769531234375 0.3478003328125 0.369140625 0.603147415625 0.3984374984375 0.714678321875 0.4570312515625 0.7733787984375 0.453125 0.4094358359375 0.4863281234375 0.2979049296875 0.525390625 0.25387956875 0.5224609375 0.22306181406249997
2 0.4970703125 0.1937115796875 0.5244140625 0.21425674374999998 0.5703125015625 0.2010491359375 0.4482421890625 0.0733755953125 0.3505859375 0.1085958859375 0.2832031234375 0.218659278125 0.255859375 0.3272551640625 0.2617187484375 0.42411095625 0.2773437484375 0.479876409375 0.2988281234375 0.48574645937499994 0.3417968765625 0.31258004375000004 0.3896484359375 0.2259968421875 0.4404296875 0.1966466015625 0.4970703125 0.1937115796875
2 0.755859375 0.2098542078125 0.6064453125 0.39622822968750004 0.509765625 0.46813631093749997 0.5351562515625 0.4710713390625 0.6279296875 0.466668803125 0.6904296875 0.40503330000000004 0.744140625 0.31258004375000004 0.755859375 0.2098542078125
2 0.7275390625 0.258282103125 0.75 0.2098542078125 0.7480468765625 0.159958803125 0.7197265640625 0.1643613390625 0.7265625015625 0.1482187046875 0.7158203125 0.14381616875 0.7138671890625 0.1614263171875 0.6806640625 0.1672963609375 0.4970703125 0.35220286875 0.4550781234375 0.42411095625 0.4580078109375 0.46373377656250003 0.494140625 0.46520128906249997 0.5595703125 0.407968321875 0.5654296875 0.4197084203125 0.6357421890625 0.3316577 0.7275390625 0.258282103125
2 0.7861328109375 0.1320760765625 0.7617187484375 0.14528368281249998 0.759765625 0.24800951875 0.7382812515625 0.330190190625 0.640625 0.46520128906249997 0.775390625 0.479876409375 0.8261718765625 0.39476071562500004 0.8476562515625 0.28909985312500003 0.8300781234375 0.165828853125 0.7861328109375 0.1320760765625
2 0.8623046875 0.1614263171875 0.8505859375 0.140881146875 0.8330078109375 0.14968621875000002 0.8476562515625 0.2392044484375 0.8730468765625 0.245074496875 0.9990234359375 0.2083867 1 0.10419335 0.9189453125 0.1232710046875 0.8623046875 0.1614263171875
2 0.837890625 0.3595404265625 0.8515625015625 0.36247545312499996 0.9990234359375 0.2846973171875 1 0.21572425625 0.8525390625 0.2524120546875 0.837890625 0.3595404265625
2 0.8515625015625 0.400630765625 0.8554687484375 0.4417210984375 0.8671874984375 0.4446561203125 0.9990234359375 0.3932932015625 1 0.29496990156249997 0.8837890625 0.349267846875 0.8515625015625 0.400630765625
2 0.869140625 0.48868148125 0.8925781234375 0.5561870328125 0.90625 0.5591220546875 1 0.5121616718750001 0.9990234359375 0.39622822968750004 0.9306640625 0.4197084203125 0.869140625 0.48868148125
2 0.9042968765625 0.6530428203125 0.9453125015625 0.6765230109375 1 0.661847890625 0.9990234359375 0.5194992296875001 0.8984374984375 0.567927125 0.9042968765625 0.6530428203125
2 0.8886718765625 0.5620570765624999 0.8544921890625 0.5400443984375001 0.6904296875 0.680925546875 0.5263671890625 0.7161458359374999 0.4726562515625 0.7616387046875001 0.4794921890625 0.7895214312500001 0.5185546875 0.818871671875 0.634765625 0.8291442515625 0.8056640625 0.7220158796875 0.8818359375 0.6016799015625 0.8935546875 0.6369001859375001 0.8886718765625 0.5620570765624999
2 0.6337890625 0.469603825 0.4951171890625 0.478408896875 0.453125 0.51509669375 0.4570312515625 0.5708621468749999 0.4853515640625 0.5899398031249999 0.708984375 0.5943423390625 0.7841796875 0.5781997109375 0.8515625015625 0.5268367921875 0.7705078109375 0.48427894531250004 0.6337890625 0.469603825
2 0.4697265640625 0.6867955953125 0.5664062515625 0.7029382234375 0.6611328109375 0.6897306171875 0.8007812515625 0.5796672234375 0.4609374984375 0.6002123874999999 0.4697265640625 0.6867955953125
2 0.8867187484375 0.6471727703125 0.896484375 0.6442377484375 0.880859375 0.6383677 0.890625 0.6178225296875001 0.7861328109375 0.7425610484375 0.578125 0.8878447328125001 0.6103515640625 0.93920765 0.666015625 0.9494802343750001 0.7529296875 0.9186624812499999 0.8369140625 0.82767674375 0.8925781234375 0.7381585140625 0.8867187484375 0.6471727703125
2 0.0009765640625 0.4314485140625 0.1416015640625 0.504824109375 0.2167968765625 0.5062916234375 0.259765625 0.479876409375 0.1826171890625 0.4020982734375 0 0.28616483125 0.0009765640625 0.4314485140625
2 0.4755859375 0.82767674375 0.4306640625 0.82767674375 0.2861328109375 0.6897306171875 0.2265625015625 0.6706529625 0.2324218765625 0.7528336343750001 0.3232421890625 0.8746371249999999 0.4326171890625 0.9450777 0.5039062515625 0.9553502843749999 0.5488281234375 0.9318700921874999 0.552734375 0.896649803125 0.5361328109375 0.8717020984375001 0.4755859375 0.82767674375
2 0.2744140625 0.55471951875 0.2607421890625 0.5459144484375 0.244140625 0.567927125 0.2539062515625 0.6706529625 0.2275390625 0.669185453125 0.2226562515625 0.7117432953125 0.2626953125 0.8071315734375 0.3876953125 0.9245325296875 0.521484375 0.9553502843749999 0.5546874984375 0.9171949734375 0.5400390625 0.8717020984375001 0.3740234359375 0.6956006671875 0.2744140625 0.55471951875
2 0.431640625 0.22452932812499998 0.4208984359375 0.211321721875 0.3632812515625 0.27148971093749996 0.3359374984375 0.3478003328125 0.3320312515625 0.41824090781249995 0.296875 0.49455152968749994 0.296875 0.5796672234375 0.3417968765625 0.6442377484375 0.3632812515625 0.5591220546875 0.375 0.3448653109375 0.3945312515625 0.2656196609375 0.431640625 0.22452932812499998
2 0.1914062515625 0.016142634375 0.177734375 0.019077656249999998 0.1875 0.027882726562499998 0.150390625 0.1188684703125 0.119140625 0.2626846390625 0.1835937484375 0.3213851203125 0.275390625 0.0719080875 0.2841796875 0.0058700484375 0.1601562515625 0.016142634375 0.1914062515625 0.016142634375
2 0.06640625156249999 0.8584944921875 0.09179687656249999 0.9964406171875 0.2050781234375 0.9964406171875 0.1425781234375 0.8555594703124999 0.125 0.7088082734375 0.09863281093750001 0.701470715625 0.06640625156249999 0.8584944921875
2 0.2158203125 0.7836513828125 0.1875 0.7939239671875 0.193359375 0.8907797546875 0.2744140625 0.99790813125 0.5234374984375 0.9964406171875 0.5244140625 0.9568177921875 0.3623046875 0.9304025796875001 0.2900390625 0.88050716875 0.2158203125 0.7836513828125