2 0.29493168281250004 0.4485572765625 0.22899655624999998 0.4194524796875 0.1723133328125 0.420079221875 0.1210275875 0.4473450484375 0.050191125 0.5310562484375 0.00065965625 0.681683309375 0.052851328125 0.770405490625 0.08563960937500001 0.79522473125 0.1581952203125 0.669019221875 0.2653382765625 0.5765126546875 0.3120461203125 0.4756735890625 0.29493168281250004 0.4485572765625
2 0.1618257265625 0.34920075625 0.114218303125 0.44559996718750006 0.22904777968749998 0.41651909218750005 0.2930300796875 0.44554435468750003 0.3255622453125 0.48503052343749997 0.40485347968749996 0.4207442453125 0.40952748593750005 0.376902553125 0.336651840625 0.2976120625 0.2703069296875 0.2919743375 0.1618257265625 0.34920075625
2 0 0.6566216359375 0.0300481703125 0.565461475 0.1249556828125 0.39026335625 0.2314552703125 0.27865001718750004 0.22091644062500002 0.2107049328125 0.1607373484375 0.18770551875000002 0.060682135937500006 0.2100494796875 0.0297217953125 0.2484173109375 0.0026958953125 0.341251609375 0 0.52819999375 0 0.6566216359375
2 0.41145787343749995 0.4342228640625 0.4393896984375 0.45737657187499997 0.4710159390625 0.38087473437499997 0.51155161875 0.185849209375 0.5721053687500001 0.019526003125 0.40701460312500004 0.0172050078125 0.33965791562500003 0.29333129375 0.4030767609375 0.35462378125 0.41145787343749995 0.4342228640625
2 0.2390616890625 0.2907017078125 0.33405555 0.278425753125 0.3874638890625 0.0736503859375 0.34496269375 0.04550005625 0.303902090625 0.0467631203125 0.233526640625 0.1040738578125 0.2151316203125 0.150292159375 0.2390616890625 0.2907017078125
2 0.4141180765625 0.6735721 0.47809403125000005 0.591049203125 0.593947971875 0.5033006359375001 0.61866248125 0.43092049374999997 0.6225266640625 0.1536758734375 0.5691344203125001 0.1896623125 0.4913637875 0.3347359734375 0.427342953125 0.5317404140625 0.4141180765625 0.6735721
2 0.42320267187500005 1 0.5086060515625 0.802178146875 0.6048517125 0.6622601796875001 0.619158621875 0.5703755703125 0.60039869375 0.5255794046875 0.5453609593750001 0.5438860015625 0.491968715625 0.579872440625 0.414066853125 0.6765054875 0.3119402703125 0.8734256015625 0.30310449687499996 0.931775134375 0.3178051 0.9852123734375 0.33050171875 1 0.42320267187500005 1
2 0.09876838593750001 0.77080796875 0.07503346250000001 0.8990019609375001 0.20291805156249998 0.9056784765625 0.406329203125 0.6160131718749999 0.4247978859375 0.5096207171875 0.4061916265625 0.4560244046875 0.3669301859375 0.4661671546875 0.1700658578125 0.6606963046875001 0.09876838593750001 0.77080796875
2 0.58321214375 1 0.612675709375 0.8856746546875 0.6179356078125 0.7523249578125 0.581395340625 0.7185464796875001 0.5568057171875 0.7278190859375 0.49226630625 0.8426092140625 0.442451703125 1 0.58321214375 1
2 0.7834395578125 0.3392936375 0.7261416578125 0.375121 0.7129743484375 0.625567459375 0.6169784609375 0.6392703390625 0.5984297734374999 0.69428879375 0.62104413125 0.7421774203125 0.6003728484375 0.9747054187499999 0.6191552140625001 0.9622608109374999 0.772948546875 0.66030040625 0.8063451640625001 0.5383708781250001 0.81746354375 0.40525980625 0.7834395578125 0.3392936375
2 0.775520721875 1 0.8035918000000001 0.9198699640625 0.8084419125 0.8099873499999999 0.7930978468750001 0.7374433421875 0.7552482140625 0.7226920953125 0.6920693921875001 0.8155216046874999 0.6104745359375 1 0.775520721875 1
2 1 0.3899656359375 0.9025010671875 0.6274159984375001 0.8686946656250001 0.772812603125 0.7928031984375 0.9781399640625 0.7961707437500001 1 0.818697496875 1 0.9498714093749999 0.88032818125 0.99162035 0.7836903515625 1 0.4463353625 1 0.3899656359375
2 0.7420716171875 0.358157003125 0.8893469109375 0.205640140625 0.9324052187499999 0.0899750796875 0.9118461328125 0.0362992234375 0.847351603125 0.0366078140625 0.7246883734375 0.1226112984375 0.7195884921875 0.3587089953125 0.7420716171875 0.358157003125
2 0.9234860328125001 0.48883585468749996 0.9180597734375 0.4078893859375 0.8729110656250001 0.3634861359375 0.849272240625 0.3742652046875 0.8259695390624999 0.421751346875 0.8017736062499999 0.5763458015625 0.76452255625 0.6951828671875 0.8085155734375 0.7498131921875 0.810605975 0.9098815046875 0.8709036078124999 0.75822521875 0.8992613140625 0.58912291875 0.921305871875 0.557730621875 0.9234860328125001 0.48883585468749996
2 0.2756631609375 1 0.2781050828125 0.9645148171875 0.19310269062500002 0.9082141640625 0.060259193749999995 0.9057388796874999 0 0.9375745234374999 0 0.9899254484375 0.21950636874999999 1 0.2756631609375 1