2 0.7725626328125 0.5126642953125 0.8021383625 0.50599664375 0.7502119125 0.3990100609375 0.6496639421875 0.3766964578125 0.3979275 0.40007541562500004 0.29478361875000003 0.44277212187500004 0.24948613593750002 0.508122725 0.60515134375 0.45986270312500005 0.7213075375 0.4792379390625 0.7725626328125 0.5126642953125
2 0.499558378125 0.293875128125 0.4982817046875 0.315928175 0.6768424359375 0.33748610156250003 0.7716123640625 0.3744516625 0.810933134375 0.421306046875 0.82560036875 0.47720084218750003 0.8111694734375 0.5068626703125 0.8336621125000001 0.5508361734375 0.9333023890625001 0.414032928125 0.8784727265625 0.3213403984375 0.7566378375 0.2678406078125 0.6445763703125 0.253926709375 0.550927 0.27155689843749997 0.499558378125 0.293875128125
2 0.6500088921875 0.6105223625 0.559447228125 0.5232735515625 0.5618586484375 0.548848190625 0.5854860421875 0.6404493734375001 0.6588697125 0.6950052640625 0.7606092046875 0.7370742578125 0.8636679390625 0.7361859875000001 0.6500088921875 0.6105223625
2 0.6703597421875 0.49652784375000003 0.5911838453125 0.4635919859375 0.5529836421875001 0.471333359375 0.5590689734375001 0.5073976578125 0.6287503562500001 0.5654000328125 0.6184709515625 0.5726509078124999 0.7193546015625001 0.631744625 0.8103370968749999 0.713965109375 0.862448034375 0.7303667421875 0.910913446875 0.72234256875 0.9007050031249999 0.694753078125 0.917939771875 0.69957370625 0.920015521875 0.688368228125 0.9023599234375 0.6885759265625 0.88969748125 0.6563160171875 0.6703597421875 0.49652784375000003
2 0.9222424531250001 0.8045278109374999 0.9461536765625 0.7567675375 0.9281340234375 0.7341312656250001 0.8271084625 0.7447182812500001 0.7421403390625 0.7334024609375 0.5895665828125 0.652878784375 0.60325025 0.7885109578125 0.6971927234375 0.8285650984374999 0.8051594609375 0.8370176624999999 0.9222424531250001 0.8045278109374999
2 1 0.9262212578125 0.982429321875 0.8875967046875 0.9332641671875 0.8359967984375001 0.950948146875 0.8218529562500001 0.938663953125 0.8054689421875001 0.8540315078124999 0.8309332359375 0.8535681078125 0.8568657796875 0.9157313796875 0.9775057015625 1 0.96783460625 1 0.9262212578125
2 0.908747634375 0.9793703453125 0.8421113765625 0.8373931890625 0.7341304515625 0.8359086984375 0.734102065625 0.8498448453125 0.8409858968749999 0.98681129375 0.908747634375 0.9793703453125
2 0.7350890984375 1 0.8311273203124999 0.9890338468750001 0.7537482578125 0.8802401078125 0.696729321875 0.85449764375 0.657295021875 0.863387840625 0.65686000625 0.8753842374999999 0.73458371875 1 0.7350890984375 1
2 0.7315067281250001 1 0.694511659375 0.9353838484375 0.61414424375 0.8826926 0.55290285 0.9142014515625 0.55287446875 0.9281375984375 0.606754528125 1 0.7315067281250001 1
2 0.599764765625 1 0.5426234515624999 0.9214523265624999 0.4604733875 0.9376508906250001 0.4460141078125 0.981248865625 0.45521052968750003 1 0.599764765625 1
2 0.3723799109375 0.848104421875 0.5061065499999999 0.9090804015625 0.4740484453125 0.92501378125 0.5463399328125 0.911037771875 0.5607850203125 0.8744078703125 0.388636025 0.728648565625 0.319980784375 0.5700045968749999 0.26423851875 0.5222090828125 0.23835089062499998 0.5323983234375 0.21773531875000002 0.5747723625 0.2318682015625 0.6914400656249999 0.3723799109375 0.848104421875
2 0.5979214234375 0.784198446875 0.5838311218750001 0.6466265265625 0.546335571875 0.50997811875 0.5016575953125 0.47274736875 0.4478491625 0.483427109375 0.43505899374999996 0.513879859375 0.47730644062499994 0.7365179046875 0.508773421875 0.809229725 0.573111784375 0.8698876640625001 0.5979214234375 0.784198446875
2 0.5107924046875 0.8258965406250001 0.419914165625 0.490885678125 0.336936640625 0.5101728203125 0.341253521875 0.6081588531250001 0.373912025 0.7006260609375 0.5107924046875 0.8258965406250001
2 0.1687874 0.81971101875 0.2753923125 0.892025065625 0.3746636109375 0.9363917125000001 0.462563328125 0.9194773359375 0.467471328125 0.9288181734375 0.469967903125 0.9125843703125 0.49212486406249994 0.9197777609375001 0.3481897765625 0.8312122890625 0.1625792609375 0.6423455125 0.1189792734375 0.6806147421875 0.120506471875 0.73715024375 0.1687874 0.81971101875
2 0.55601949375 0.1903127890625 0.6211683203125 0.021691675 0.48843351406249996 0.0170564734375 0.4468612375 0.162104834375 0.46107926250000003 0.23696409843750002 0.49589866406249994 0.2764173953125 0.55601949375 0.1903127890625
2 0.113357340625 0.618617896875 0.1486685296875 0.6182025062500001 0.169648159375 0.5986724296875 0.20016487500000002 0.533171621875 0.190812275 0.488557409375 0.29583814531249997 0.32819437812499996 0.30212215468750003 0.2667056609375 0.2228469171875 0.2825463140625 0.12245013906249999 0.387597771875 0.0762258515625 0.5048134578125001 0.0810061296875 0.5768669484375 0.113357340625 0.618617896875
2 0.08466584218749999 0.5943246828125 0.1289513765625 0.6226476046875 0.17046143125 0.602551928125 0.3083870546875 0.41619886875 0.42564035 0.3000921484375 0.43141838593750004 0.2854401875 0.40640079531250006 0.27163663125 0.3078150421875 0.2938621359375 0.30376288281249997 0.2674965796875 0.2610613171875 0.2678368671875 0.17596546875000002 0.3192337 0.0869970390625 0.45769389218749995 0.08466584218749999 0.5943246828125
2 0.43982999375 0.38888755937499997 0.6521321328125 0.37439880312499996 0.7338188 0.3841327875 0.7817924281249999 0.41597729843750003 0.7924926546875 0.4036980984375 0.7215629875 0.353812628125 0.6411246125 0.33596174218749997 0.5713155078125001 0.340672028125 0.48925059375 0.31506215000000004 0.405880625 0.3254414671875 0.35198704375 0.3779296453125 0.43982999375 0.38888755937499997
2 0.9293828656249999 0.1209408515625 0.9358890234375 0.151976825 0.930167753125 0.1387564921875 0.92357645 0.14952895625 0.826730765625 0.12376886875 0.6793581171875 0.1102703609375 0.6352805328125 0.1814402046875 0.8987526171875 0.24218624375000003 0.9652660687499999 0.24286219375 0.9293828656249999 0.1209408515625
2 0.084789209375 0.13055237343749998 0.0081426015625 0.1553700921875 0.013770565625 0.2627580390625 0.103522790625 0.2058446484375 0.2436044 0.170491540625 0.24530189375 0.14341016875 0.084789209375 0.13055237343749998
2 0.1097876984375 0.3553378625 0.18920484531249998 0.2698164796875 0.17324674843750001 0.2429428046875 0.0795973796875 0.2605729953125 0.017134342187500002 0.326942715625 0.027236026562499998 0.5196943453125 0.044824907812499995 0.6012751328125 0.08383838437499999 0.5974132578125 0.0759611328125 0.433192978125 0.1097876984375 0.3553378625