4 0.3302860234375 0.7383625 0.3047933921875 0.70270766875 0.2696342328125 0.697203703125 0.2653509859375 0.7929780015625 0.3025747125 0.8298156531249999 0.3197320203125 0.8193565656249999 0.3302860234375 0.7383625
4 0.213197421875 0.564181621875 0.18206499375000001 0.6272115609375 0.23526014062499997 0.6467230671875 0.24130075468749998 0.599882028125 0.23530306250000002 0.5694577359374999 0.213197421875 0.564181621875
4 0.34342538125 0.5840596921875 0.287013915625 0.5243919234375001 0.26171729843749997 0.5523138671875001 0.26096636093750003 0.595335034375 0.2899825125 0.6535465578124999 0.3279571765625 0.647363046875 0.34342538125 0.5840596921875
4 0.4947768859375 0.88989755 0.5203124390625 0.8482870531250001 0.558457771875 0.8323260078124999 0.5551731875 0.7960807609375 0.4720490703125 0.6958466109375 0.4408825078125 0.7608320546875 0.4597542578125 0.87657155625 0.4947768859375 0.88989755
4 0.3484585484375 0.7445480124999999 0.426096975 0.7850252625 0.43454348749999994 0.7499628375 0.434791209375 0.6609644640625 0.3875001390625 0.6024339484375 0.3414544296875 0.622169303125 0.33191564375 0.7198079640625 0.3484585484375 0.7445480124999999
4 0.4155858921875 0.7887540000000001 0.3770056140625 0.7548268203124999 0.3416416515625 0.7610559015625 0.34058351249999996 0.821676634375 0.38794285624999997 0.8762961375 0.41303467187500004 0.8601072375 0.4155858921875 0.7887540000000001
4 0.6150574828125001 0.7315965859375 0.6665294015625001 0.7002193265625001 0.6765372640625 0.6505133812499999 0.6281627078125 0.5792492828125 0.5565902359375 0.5652853078125 0.5491160203125001 0.6942576640625 0.58637388125 0.7291398109375 0.6150574828125001 0.7315965859375
4 0.541412678125 0.4623249625 0.5133093390625 0.42662455625 0.46374010937500004 0.4238032203125 0.4225403421875 0.46514029375000004 0.43941579218750004 0.5456350921875 0.5261746140625 0.5872495921875001 0.541412678125 0.4623249625
4 0.5415999 0.6012115609375 0.48721886562499994 0.574832996875 0.44117315625 0.5945683484375001 0.4376749828125 0.645365975 0.45923448593750005 0.68193020625 0.53898040625 0.6764758140625 0.5415999 0.6012115609375
4 0.6271718171875 0.935242784375 0.6571778390625 0.93674459375 0.6992992124999999 0.842608815625 0.6317369203125 0.7485146046875 0.58616908125 0.7408728531250001 0.5573060171875001 0.8235034359375 0.5721169046875 0.87266454375 0.6271718171875 0.935242784375
4 0.71171298125 0.8046814828125 0.7109279109375 0.8496581578125 0.7642508046875001 0.9366574546875001 0.8490853265625 0.9582478984374999 0.8606810671874999 0.9576401921875 0.88353274375 0.91037603125 0.8344501718749999 0.8048677671875 0.7448075796875 0.7788517609375 0.71171298125 0.8046814828125
4 0.6827056234375 0.6711601359375 0.70266964375 0.724323396875 0.74501238125 0.7671187140625 0.80725965625 0.791678484375 0.841130528125 0.796181909375 0.874259259375 0.768396675 0.8974747515624999 0.5604769000000001 0.733341778125 0.53805091875 0.6895313062499999 0.5793424234375 0.6827056234375 0.6711601359375
4 0.7093422328125001 0.491663575 0.7348348640625 0.5273184109375 0.82976713125 0.549514546875 0.8458750859374999 0.5243663703125 0.8799166296875001 0.51909225625 0.8998553093749999 0.49890120156249995 0.9000006296875 0.41576934843749996 0.8750882703125 0.346870884375 0.7339737578125 0.35223213593749997 0.7093422328125001 0.491663575
4 0.559337475 0.5575088484374999 0.597039071875 0.5669693984374999 0.660003153125 0.5504635078125 0.698216753125 0.530591446875 0.7053067109375 0.4984394984375 0.6903339500000001 0.38374610625 0.61401794375 0.342313884375 0.570002665625 0.3953384359375 0.559337475 0.5575088484374999
4 0.74415229375 0.292748653125 0.7499451796875001 0.334905990625 0.77659835 0.304073571875 0.7988063953125 0.303483159375 0.8670006718750001 0.211758590625 0.7902838421875 0.1184826390625 0.6940886359375 0.1686402796875 0.690419796875 0.22921544374999997 0.74415229375 0.292748653125
4 0.6846467125 0 0.6277122281249999 0.08141313125 0.6592366796875 0.145536753125 0.7101624609375 0.1454476125 0.758144990625 0.0895581546875 0.76530321875 0.05349519375 0.7538137734375 0 0.6846467125 0
4 0.5498172875 0.2052440828125 0.5212185078125 0.3475404265625 0.5610529375 0.384423653125 0.6547144968749999 0.2549996015625 0.62976800625 0.1880566453125 0.5498172875 0.2052440828125
4 0.466053421875 0.06685474999999999 0.45950081249999997 0.14302839843749998 0.488346290625 0.2110174640625 0.509231915625 0.21138202499999997 0.532054365625 0.17559247656250002 0.5661641765625001 0.16640735 0.5678961984375 0.1419862921875 0.53918725 0.0661751984375 0.48863693750000003 0.04475375625 0.466053421875 0.06685474999999999
4 0.45496105625 0.4031108953125 0.4718794203125 0.406340359375 0.48266357343750005 0.38696756875 0.505920965625 0.40106624843749994 0.5249809625 0.35640856875 0.512175165625 0.267182340625 0.45609624843749996 0.263269325 0.43004869375 0.33421243437500003 0.45496105625 0.4031108953125
4 0.3640896515625 0.4474931578125 0.3402773296875 0.5399924171875 0.3908959109375 0.55750284375 0.41792454843750004 0.505159840625 0.4123705984375 0.44931395625 0.3640896515625 0.4474931578125
4 0.3684246078125 0.19914370625 0.32946885625 0.18672711250000001 0.291118728125 0.21442120625 0.2822967421875 0.2709942109375 0.30402691875 0.2977809078125 0.35264919687499996 0.28004663125 0.3684246078125 0.19914370625
4 0.3710528875 0.0485696296875 0.3267392015625 0.043883921874999995 0.298934278125 0.065893775 0.284447153125 0.147797240625 0.3008876546875 0.1784038109375 0.3580929859375 0.1177850796875 0.3710528875 0.0485696296875
4 0.393098034375 0.2817307203125 0.3525467953125 0.2859131546875 0.35030277656250003 0.339666825 0.33264225468749997 0.3041487 0.3024996984375 0.31046892187499997 0.290691546875 0.388506940625 0.30462374375 0.41320141875000005 0.41386368124999995 0.43858145000000004 0.443332353125 0.3960615515625 0.4124564390625 0.29478329531249997 0.393098034375 0.2817307203125
4 0.282578603125 0.1800403265625 0.26891946875 0.1397017890625 0.23918651406250002 0.12255592343749999 0.2000171765625 0.197182196875 0.2290674609375 0.2534382140625 0.25903935 0.2568955296875 0.282578603125 0.1800403265625
4 0.34313575625000003 0.451039609375 0.299436475 0.41115477343749995 0.2664784109375 0.42916246874999997 0.257622296875 0.4876909828125 0.28718458281250003 0.5146143890625 0.330619590625 0.4948334640625 0.34313575625000003 0.451039609375