2 0.2640814796875 0.5384937515625 0.323421315625 0.44441158593749996 0.309856275 0.41549479843750003 0.24797538281249998 0.3786590296875 0.19150358750000002 0.37236923125 0.137001034375 0.393095671875 0.0558430125 0.4672891453125 0.0066327171875 0.570014328125 0.007649453125 0.6573924390625 0.027936537500000004 0.7044395484375 0.057388057812500004 0.7329941890625 0.1456808 0.616963940625 0.2640814796875 0.5384937515625
2 0.1901175609375 0.300959453125 0.13044951875 0.39053890625 0.2484007921875 0.3757628109375 0.30834905 0.4122818234375 0.3356735328125 0.45531755937499996 0.4227632609375 0.40137491406250003 0.4330096390625 0.358565165625 0.3706301328125 0.2712266625 0.3053459875 0.25756063125 0.1901175609375 0.300959453125
2 0.26658349531250003 0.1711270171875 0.20964969218750001 0.1410339578125 0.1072566921875 0.15094520625000002 0.071557865625 0.1851343765625 0.032820590625 0.2736954734375 0.005403796875 0.4644012046875 0.006411114062499999 0.550969759375 0.0314117828125 0.49887616718750005 0.1481954265625 0.337094565625 0.26839493281250004 0.23964058124999998 0.26658349531250003 0.1711270171875
2 0.45244578750000003 0.44183119375 0.49367490625 0.3699911890625 0.558897240625 0.181963025 0.6403708625 0.024774903125 0.47962250937500006 0.0027903625 0.476263978125 0.0027708234375 0.3741671953125 0.2673574734375 0.4294359734375 0.3357348765625 0.4276131484375 0.41551655 0.45244578750000003 0.44183119375
2 0.2744238421875 0.2524924859375 0.370496328125 0.2519261078125 0.44976970937500005 0.0558201171875 0.411080428125 0.0227854546875 0.3700697046875 0.0190297328125 0.29274035 0.0671572484375 0.268540125 0.11064589843749999 0.2744238421875 0.2524924859375
2 0.399706675 0.65266695 0.47388777656250003 0.5788129265624999 0.6003471921875 0.5061124796875001 0.63417398125 0.4375081484375 0.673408653125 0.163657196875 0.6156972421875 0.1927555296875 0.5198077640625 0.3268192953125 0.43096841250000006 0.51394256875 0.399706675 0.65266695
2 0.6168660906250001 0.5755536265625001 0.6039208578124999 0.528942765625 0.5468292531250001 0.5403470375 0.48911784062499997 0.569445371875 0.39928126875 0.65556316875 0.27254285 0.837957746875 0.2563041703125 0.8946150609375 0.2641079125 0.9492810546875001 0.276262925 0.967585946875 0.3655894984375 0.9792606453125 0.4772922515625 0.7914357812499999 0.590903640625 0.664725546875 0.6168660906250001 0.5755536265625001
2 0.073566140625 0.7104352765625 0.033589248437500004 0.834384503125 0.159964071875 0.8565803359374999 0.3993052625 0.5947652875 0.4312600171875 0.49174579375 0.41959100625 0.43644628750000003 0.3792366984375 0.441695975 0.1585528296875 0.61017584375 0.073566140625 0.7104352765625
2 0.5247663625000001 1 0.570168490625 0.8867386500000001 0.592423471875 0.7554358796875 0.56038290625 0.7175590625 0.53473605625 0.7237363375 0.45587547656250005 0.8294487546875 0.3821323921875 0.9879039140625 0.49073487968749996 1 0.5247663625000001 1
2 0.8098000656250001 0.366934240625 0.7482233843749999 0.395399059375 0.703154209375 0.641600253125 0.6059027015625 0.6434563609375 0.5804262578125 0.6956336640624999 0.5968113484375 0.74577425625 0.5465640796875 0.973331115625 0.5668384359374999 0.9633073484375 0.7583863875 0.6832781796875 0.8071756359375 0.5667051812499999 0.8352285187499999 0.43635269374999996 0.8098000656250001 0.366934240625
2 0.7274958812500001 1 0.7557379609375 0.9438470015625 0.774589684375 0.8357139796874999 0.768584771875 0.7620641906250001 0.7328127421875 0.742854409375 0.6581090328125 0.82700356875 0.5531364812499999 1 0.7274958812500001 1
2 1 0.47637478125 0.891470528125 0.66653345 0.8392780203125 0.806276190625 0.737665025 1 0.7960830046875 1 0.9063130062500001 0.92255418125 0.960183146875 0.8320244515624999 1 0.57423974375 1 0.47637478125
2 0.7662369 0.3805558203125 0.9322238125 0.24760024062500002 0.9898254171875 0.138403475 0.976223775 0.0827872046875 0.9120214453125 0.075230375 0.7790105078125 0.1453740546875 0.7437989093749999 0.3783612015625 0.7662369 0.3805558203125
2 0.930037396875 0.5319723234375 0.9349718765624999 0.451217678125 0.895723384375 0.40177868281249995 0.8708301437499999 0.40956244531249997 0.8415856328125001 0.453707303125 0.7977800734375 0.6037224937500001 0.7455509609375001 0.7167657578125 0.782344215625 0.77618313125 0.7639911015624999 0.9348188953125 0.8433376890625001 0.7921118593750001 0.893135553125 0.6282491015625 0.9190740078124999 0.5998750562499999 0.930037396875 0.5319723234375
2 0.018030971875 0.8392493578125 0.0098016828125 0.842354525 0.010774229687500001 0.92593509375 0.21979113125 0.9612961484375001 0.22725405781250002 0.9239620765625001 0.1498754953125 0.8578927546875 0.018030971875 0.8392493578125