2 0.7604347828125 0.709204546875 0.623512821875 0.72795699375 0.608516525 0.7612060406250001 0.6559357859375 0.8190858234375 0.6898039703125 0.8223329250000001 0.777373375 0.7739865953125 0.791158984375 0.7250825843750001 0.7604347828125 0.709204546875
2 0.634146446875 0.5794021390624999 0.61092289375 0.5819876328125 0.6085075234375 0.6348890421875 0.7643053734375 0.7087736312499999 0.7860777078125001 0.709858534375 0.79115598125 0.6829769140625 0.74010766875 0.6202379078125 0.634146446875 0.5794021390624999
2 0.7471292421875 0.7054226078125 0.6147984859375 0.65173283125 0.5920600078125 0.6718084921874999 0.593513228125 0.6962085328125001 0.6157716390625 0.7288188265625 0.7471292421875 0.7054226078125
2 0.7717940171875 0.55881449375 0.70042559375 0.5053554015625 0.6312369999999999 0.4884963796875 0.6126116515625 0.5168862015625 0.6123731109375 0.5642820109375 0.7333336312500001 0.613974396875 0.7899452953125 0.6673219484375 0.8008294625 0.639793959375 0.7717940171875 0.55881449375
2 0.7957551875 0.7228164640625 0.7739868546875 0.77787245 0.6627108234375 0.8393845546875 0.686907528125 0.913885053125 0.7841554125 0.8925318796875 0.81342339375 0.8419042046874999 0.816803909375 0.753807015625 0.7957551875 0.7228164640625
2 0.75751333125 0.44987611875000005 0.6394572562499999 0.42091337656250005 0.6326852203125 0.4427203171875 0.6539764796875 0.48245594687500004 0.7168761124999999 0.5105416234375 0.757033259375 0.5025620640625 0.7674333468750001 0.47157912968750004 0.75751333125 0.44987611875000005
2 0.7652545171875 0.4490142875 0.774203384375 0.42170175 0.7526705875 0.3872562609375 0.6999315140625 0.3615482390625 0.6476775171875 0.353330375 0.6338889062499999 0.3601287234375 0.6380030343749999 0.382478109375 0.6752607390625001 0.42394501875 0.7376762921875 0.448575753125 0.7652545171875 0.4490142875
2 0.7202496218750001 0.3241978734375 0.6486406640625 0.29006414375 0.6060641421875 0.2948042171875 0.6070342937500001 0.3297845453125 0.743718715625 0.37246312656249997 0.7202496218750001 0.3241978734375
2 0.6005087953125 0.4164774515625 0.58792586875 0.36875464999999996 0.53591140625 0.32717620625 0.46527359375 0.34205803125 0.4512464453125 0.39625218125 0.48496566874999997 0.4144447515625 0.5383357796875 0.4005918015625 0.580432221875 0.4485376796875 0.6005087953125 0.4164774515625
2 0.4115773765625 0.4638275671875 0.497215484375 0.47183758750000004 0.57002913125 0.43741494062499997 0.5286592984375 0.401669090625 0.431894484375 0.412441984375 0.41399374375000003 0.4249613859375 0.4115773765625 0.4638275671875
2 0.449321153125 0.5368198625 0.47206263593750003 0.5588498734375 0.51996096875 0.5500084890625 0.5886614812500001 0.5072716765624999 0.5956740593750001 0.4661393796875 0.5441456687499999 0.45608631875 0.449321153125 0.5368198625
2 0.4783586015625 0.6458697734375 0.5127118609375 0.6666070375 0.5610932625 0.6471853656250001 0.6072918375 0.5490579671875 0.603902315625 0.5108381515625 0.576082559375 0.515689765625 0.4783586015625 0.6458697734375
2 0.32931678125 0.32561469062500004 0.36076859687499996 0.367727975 0.4497912234375 0.3437816921875 0.46357683281249995 0.29487768124999997 0.464047903125 0.11587473125 0.410597221875 0.288495015625 0.32931678125 0.32561469062500004
2 0.25649513281249997 0.2477555578125 0.328348634375 0.3187048125 0.4120484453125 0.28482461875 0.44518101562499995 0.14955469375 0.427036734375 0.1392937953125 0.3791424046875 0.20427606874999998 0.332212221875 0.2200273390625 0.30172955625000003 0.19885916406249998 0.243179590625 0.10362140156249999 0.22455323906250002 0.117976 0.22528185 0.1582464671875 0.25649513281249997 0.2477555578125
2 0.3215595890625 0.10191296406250001 0.2823635890625 0.0185558484375 0.2301105890625 0.0243732109375 0.232531959375 0.055683135937499996 0.257454275 0.1283484375 0.31140603906250003 0.197781875 0.3767230359375 0.20103658750000003 0.432116015625 0.1264473921875 0.3215595890625 0.10191296406250001
2 0.42122884687499995 0.111869721875 0.42921056875 0.091682528125 0.35396955 0.0105839078125 0.2934922921875 0.0278433828125 0.353492478125 0.10537552343750001 0.42122884687499995 0.111869721875
2 0.4906909875 0.5725657187500001 0.46045085625000004 0.5601426218750001 0.37481774843750004 0.6223087171875 0.3470009921875 0.6692659890625 0.3457943109375 0.7097519171875 0.3893389734375 0.7119217234375 0.466746821875 0.647162521875 0.4945635796875 0.6002052484375 0.4906909875 0.5725657187500001
2 0.4343248578125 0.5700689140625 0.44375780468750003 0.5462113171875 0.43359524687500006 0.5157632234375 0.3636850453125 0.5568802875000001 0.3119231203125 0.6643991484375 0.2795081625 0.6855520953124999 0.2795111609375 0.727657765625 0.3380531234375 0.71061375 0.361271675 0.6378521421875 0.4343248578125 0.5700689140625
2 0.36029852500000004 0.5607661484375 0.4023879703125 0.5104654671875 0.4074642453125 0.4555134015625 0.35738808125 0.45582516875 0.36029852500000004 0.5607661484375
2 0.31385741875 0.6501484703125 0.35425110000000004 0.5667026609375 0.34311439374999997 0.44513334687499995 0.33271130000000004 0.434010615625 0.3208619875 0.49673439531249997 0.27514649062499996 0.5842815140625001 0.221444271875 0.6218397234374999 0.244670828125 0.6613598921875 0.2761206421875 0.6754027312499999 0.31385741875 0.6501484703125
2 0.22724315781249999 0.5229467890625 0.17547523125 0.5462543171875 0.1745090875 0.567414878125 0.2137020859375 0.608666328125 0.26740530625000003 0.5851433453125 0.32037791250000003 0.49327945 0.33101554218749996 0.40086548437499997 0.22724315781249999 0.5229467890625
2 0.2562625953125 0.3793626984375 0.1561152671875 0.4501623421875 0.147894009375 0.5037101171875 0.17499115781250002 0.542799378125 0.2180507515625 0.527479025 0.2964247453125 0.44155925468749996 0.3261758015625 0.38035129687499997 0.2562625953125 0.3793626984375
2 0.1614360828125 0.432025803125 0.1807900453125 0.44390644375 0.2465861140625 0.3804399875 0.32133506093749997 0.34580188437500003 0.288190484375 0.31264914843749997 0.194329115625 0.33011646093749997 0.1614360828125 0.432025803125
2 0.3124111984375 0.7239949828125 0.2717719765625 0.7565900437499999 0.2664531625 0.8027970249999999 0.3409615703125 0.7874842859375 0.4261166046875 0.806074584375 0.42490491874999997 0.7763843984375 0.3912752703125 0.7257414921875001 0.3124111984375 0.7239949828125
2 0.3963615484375 0.8111416515625001 0.32838264375000004 0.7959023734375 0.2625845703125 0.831298384375 0.2577488328125 0.86692508125 0.2829096859375 0.8921945734375001 0.3963615484375 0.8111416515625001
2 0.3970871625 0.809306453125 0.2862962015625 0.88830871875 0.272753128125 0.945957815625 0.312912278125 0.9660487062499999 0.379193421875 0.9200724125 0.43386178906249995 0.86135364375 0.434101325 0.8279930546875001 0.3970871625 0.809306453125
2 0.3550047234375 0.9578536874999999 0.29162401875 0.9684187421875 0.2924583421875 0.9985016906249999 0.42730998906249995 0.9977171468750001 0.45104192187500003 0.9208455484375 0.44813547812500004 0.8720454578125001 0.4275728296875 0.8725802968749999 0.3550047234375 0.9578536874999999
2 0.5712588203125 0.7197391296875 0.5494864890625 0.7186542265625 0.544167675 0.7648612109374999 0.5248147125 0.767015790625 0.5272370828125 0.8123609406250001 0.65110905 0.981029525 0.6910246578125 0.9783401078124999 0.659565840625 0.837980271875 0.5712588203125 0.7197391296875
2 0.6484481421875 0.9830801812500001 0.5262699359375 0.819486275 0.49965986406249996 0.82595763125 0.5011150875 0.8784281171874999 0.574181275 0.993102784375 0.6484481421875 0.9830801812500001
2 0.51716308125 0.9971943968750001 0.5336523828125 0.9970984640625 0.571036290625 0.9916984953125001 0.4928888296875 0.861799790625 0.473537865625 0.8920248140625 0.51716308125 0.9971943968750001
2 0.540780159375 0.7547118453125 0.5439231375 0.7280456828124999 0.45030030468750004 0.69811719375 0.4411109 0.74475509375 0.5107835671875 0.7650690499999999 0.540780159375 0.7547118453125
2 0.5523849296875001 0.6551725390625001 0.50690596875 0.6672534109375 0.476423303125 0.6460852312500001 0.454651971875 0.6590355484375 0.45416989843750005 0.6836510546875 0.5431965265625001 0.7158456609375 0.59834896875 0.66058183125 0.605357540625 0.5633086453125 0.5523849296875001 0.6551725390625001
2 0.5690439765625 0.19190628125 0.5608157171875 0.147207503125 0.4662327390625 0.22265090937499998 0.46478751875 0.310532640625 0.5446147375 0.249012925 0.5690439765625 0.19190628125
2 0.5208931046874999 0.051650359374999996 0.45025429062500005 0.052496965625 0.444933478125 0.070633503125 0.48606377500000003 0.1397399359375 0.5426714359375 0.136946603125 0.5540396765625 0.1128735484375 0.5438761203125 0.0683902296875 0.5208931046874999 0.051650359374999996
2 0.5615816671875 0 0.614754471875 0.034183046875 0.64765450625 0.030520264062500004 0.674725253125 0 0.5615816671875 0
2 0.6958003796875001 0.10060006875000001 0.562504475 0.082106075 0.55113523125 0.09214390312500001 0.5557344375 0.13198345312499998 0.6921743234375 0.1378465125 0.6958003796875001 0.10060006875000001
2 0.6902390296875 0.13806196875 0.6539514734375 0.1315753828125 0.5620254 0.1488272453125 0.5760595484375 0.1928796484375 0.6123471046875 0.1993662296875 0.6936295484375 0.1903169984375 0.7001590453125 0.1597649828125 0.6902390296875 0.13806196875
2 0.5596130328125 0.24383431562500002 0.6684756968750001 0.263294065625 0.7025814171875 0.205110134375 0.572188959375 0.1933105640625 0.5596130328125 0.24383431562500002
2 0.7262930484375001 0.26212046875 0.720484159375 0.220661178125 0.7047592500000001 0.2136397578125 0.6505759578125 0.2898486859375 0.7091209187499999 0.314910340625 0.7262930484375001 0.26212046875
2 0.7099623703125 0 0.7405507296875 0.0482487328125 0.8247386156250001 0.073964365625 0.84844624375 0.0748338171875 0.8646512265625 0.0291692859375 0.856666503125 0.0072508156249999995 0.8408418671875 0 0.7099623703125 0
2 0.753618728125 0.113461696875 0.72725519375 0.1848190171875 0.7270216609375 0.302390940625 0.7928137296875 0.18278359375 0.8547412109374999 0.14781849687499998 0.8554628187500001 0.0898424046875 0.7937738750000001 0.0774116921875 0.753618728125 0.113461696875
2 0.691203175 0.0888309578125 0.729430028125 0.151242978125 0.7611163750000001 0.08981955781249999 0.7003895796874999 0.000087396875 0.691203175 0.0888309578125
2 0.834426103125 0.22727452656249997 0.7744339171875 0.2620241640625 0.7468597 0.317726525 0.776374215625 0.331984815625 0.8978128062499999 0.30092081249999997 0.9048253781250001 0.259788509375 0.8789379125 0.22231899687499998 0.834426103125 0.22727452656249997
2 0.7550819546875001 0.2782139625 0.8721638781250001 0.21605548593749999 0.8738556359375 0.19305972656249998 0.8523228390625001 0.1586142359375 0.8121656921874999 0.1665937890625 0.7628201390625 0.23524646875 0.7550819546875001 0.2782139625
2 0.831046584375 0.32940694062500003 0.7628271421874999 0.3334930203125 0.7487979953125 0.3596167328125 0.8025082171875001 0.43434030625000003 0.8581457359375 0.396566640625 0.9203177531250001 0.3984170703125 0.8920109187499999 0.3577080765625 0.831046584375 0.32940694062500003
2 0.86734514375 0.49028096562499995 0.9157255484375 0.45682407343750003 0.9217699765624999 0.4087818921875 0.8620163249999999 0.396135725 0.8199258828125 0.4324011859375 0.7901778312500001 0.53571480625 0.7981645562499999 0.5857037265625 0.8141339999999999 0.629540671875 0.8233224046875 0.56886755 0.86734514375 0.49028096562499995
2 0.99096756875 0.5519579140624999 0.9515330296875 0.5159966078125 0.8779917734374999 0.52418400625 0.8257417765625 0.5721070359375 0.8194558140625 0.6254393546875 0.8349391859375 0.6377509171875 0.8997691078125 0.595445021875 0.98395499375 0.59309021875 0.99096756875 0.5519579140624999
2 1 0.6274132546875 0.9887937359375 0.5995691796875 0.9249279593749999 0.5926440687500001 0.8779977750000001 0.6083953390625 0.8301024421875001 0.65934239375 1 0.6487867578125 1 0.6274132546875
2 1 0.6738651375 0.99605585 0.6654285234375 0.8571975921874999 0.6703612031249999 0.853329003125 0.69886256875 0.9520331109375 0.744015109375 1 0.7419879500000001 1 0.6738651375
2 1 0.7421837546875001 0.94864659375 0.7479009640625 0.8610711859375 0.71203595625 0.853332003125 0.7409682328125 0.9070412250000001 0.8016565828125 0.9655861890624999 0.8267182328124999 1 0.8228869171875001 1 0.7421837546875001
2 1 0.8235673640625001 0.9660702640625001 0.8301731765625 0.8823734515625 0.906159034375 0.9109218203125 0.9415778921875001 0.974302525 0.9310128437499999 1 0.9036780140625 1 0.8235673640625001
2 0.9551840953124999 0.829630725 0.882848521875 0.7832969765625 0.8480131875 0.7871752171875 0.848983340625 0.8221555453124999 0.9089805234374999 0.857582015625 0.9551840953124999 0.829630725
2 0.934921546875 0 0.909165040625 0.0522842 0.9002221718750001 0.1638080703125 0.9594837437500001 0.060717520312499995 0.9502707390625 0 0.934921546875 0
2 0.912804096875 0.19749565156249999 0.9856237468750001 0.247284340625 0.9742485046875 0.173110834375 0.912804096875 0.19749565156249999
2 0.9977256000000001 0.3336578671875 0.9829628375 0.2493349984375 0.9297396921875001 0.22017203125 0.9258711015625 0.2486733921875 0.9650661015625 0.3179952875 0.9977256000000001 0.3336578671875
2 1 0.3615897078125 0.9084514328125 0.22254206718749997 0.912329028125 0.3203577109375 0.954909546875 0.37175852656249997 0.9897458796875 0.3819155046875 1 0.367649325 1 0.3615897078125
2 0.0056423203125 0.1615749265625 0.0083956671875 0.24042046718750001 0.041432709375 0.234855853125 0.1524662046875 0.164598665625 0.0951299265625 0.127121534375 0.0056423203125 0.1615749265625
2 0.0980473765625 0.3303090734375 0.1338488578125 0.3052702703125 0.1234487671875 0.3362532015625 0.1386896 0.3398196828125 0.163603915625 0.30020320312500004 0.1756927640625 0.20411884374999997 0.1425491890625 0.18500131875 0.0086275125 0.24705962499999998 0.0123262828125 0.352978540625 0.027410564062499997 0.3592261171875 0.0951449359375 0.337649871875 0.1038552671875 0.35773314375 0.0980473765625 0.3303090734375
2 0.21246839374999998 0.27020125156249997 0.185129709375 0.2364021359375 0.1386906015625 0.3538549015625 0.085954528125 0.37025254531249996 0.01337941875 0.357279384375 0.0127148515625 0.3641057296875 0.013426971874999999 0.3844981578125 0.07918649531250001 0.448200375 0.1348260109375 0.43849715156249996 0.21271292968750002 0.307016778125 0.21246839374999998 0.27020125156249997
2 0.0796745671875 0.5077962046875 0.023312440625 0.5614402890625 0.035171756250000005 0.6390687328125 0.1033871984375 0.5788417625 0.16386445624999998 0.5615822890625 0.164104990625 0.5422569265625 0.1304753421875 0.49161401875 0.0796745671875 0.5077962046875
2 0.10194397656250001 0.694793940625 0.17281732968750002 0.5904106421875001 0.049203903125 0.6550506921875 0.044852240625 0.6941323328125 0.056949090625 0.71032975 0.10194397656250001 0.694793940625
2 0.1725827921875 0.6939473390625001 0.18926884375 0.6096320828125 0.1561252734375 0.5905145640625 0.15032238281250002 0.6332666031249999 0.10920109062500001 0.69047716875 0.061303757812500005 0.7133537796875 0.05695209062499999 0.7524354203125 0.078726428125 0.7815907671875 0.11985072187500001 0.766485871875 0.1725827921875 0.6939473390625001
2 0.12082087187499999 0.8014662015624999 0.18227027812500002 0.8472574921874999 0.253393165625 0.849865834375 0.2604067375 0.8227687609375 0.2509697921875 0.7904854640625001 0.21129472031250002 0.77384951875 0.12082087187499999 0.8014662015624999
2 0.2613798875 0.8998547546875001 0.24371668125 0.8509431234375 0.182754353125 0.8507124390625 0.1803369828125 0.8755433968749999 0.193888059375 0.9301760796874999 0.2613798875 0.8998547546875001
2 0.20423878593749997 0.9990149359375 0.2389224578125 0.998813153125 0.2659810921875 0.9677647500000001 0.26428433125 0.9205844000000001 0.1967915015625 0.93687050625 0.20423878593749997 0.9990149359375
2 0.1372097375 0.9994049 0.20208162968750001 0.9990274859375001 0.18735455625 0.9045872140625001 0.1638844625 0.8422867359374999 0.15445852031250001 0.9643908874999999 0.1372097375 0.9994049
2 0.0852326375 0.99970729375 0.1239342734375 0.9994821343750001 0.1520391515625 0.9611513984375 0.15420898125 0.8573992453124999 0.07801281875 0.9518486359375 0.0852326375 0.99970729375
2 0.0782543578125 0.946558496875 0.152514221875 0.838289340625 0.0671206515625 0.86709485 0.0782543578125 0.946558496875
2 0.19141366875000002 0.1549993734375 0.2197155 0.1255322578125 0.22745168124999998 0.054494312499999996 0.2180157390625 0.036246239062500005 0.2025353671875 0.066040346875 0.17157062812499999 0.069487671875 0.13141048125000002 0.035361560937499995 0.10431633124999999 0.038377970312499995 0.104802409375 0.0699033546875 0.099720128125 0.040644084375 0.0868986671875 0.040317090625 0.09270955625 0.10984683437500001 0.1236772984375 0.1485051703125 0.19141366875000002 0.1549993734375
2 1 0.37397128125 0.9662847890625 0.4459320328125 0.9665293281249999 0.482747559375 0.9854002156250001 0.5052084796874999 1 0.48409895468749997 1 0.37397128125
2 0.690781121875 0.9555598078124999 0.8170604515625 0.9590452109375001 0.8197193609375001 0.9289241109375 0.7807688984375 0.8964177390625 0.7498041578125 0.899865065625 0.687391603125 0.9173399984374999 0.690781121875 0.9555598078124999