2 0.2607899515625 0.6159099328125001 0.1854339890625 0.5690560359375 0.1332744578125 0.57764631875 0.09311111093749999 0.6276139171875 0.1222934609375 0.67688374375 0.25456844843750004 0.719782628125 0.4085941953125 0.715631028125 0.493988990625 0.6838108625 0.505506009375 0.6558561796875 0.48971683437499997 0.6430062703125 0.2607899515625 0.6159099328125001
2 0.48745086875 0.45947514062500006 0.36078817343749997 0.45047271093749996 0.23178632656249998 0.46699103124999997 0.14841390625 0.515312 0.161636521875 0.5458796796875001 0.21313815468750003 0.56760648125 0.3113007390625 0.5507480296875 0.5979182515625 0.5474737609375 0.6064138765625 0.52163088125 0.5778569140625 0.4938192609375 0.48745086875 0.45947514062500006
2 0.2306085859375 0.585252721875 0.27937310625 0.6188450546875 0.5454662828125 0.651811634375 0.7109521953125 0.617754609375 0.7314196625 0.5795630140625 0.6536677 0.55627911875 0.3268625046875 0.5557949578125 0.2654682515625 0.5648684312500001 0.2306085859375 0.585252721875
2 0.220984059375 0.466579371875 0.7232814875 0.40610773125 0.7501897078125 0.3773477390625 0.6689615328125 0.3405696921875 0.45930004375 0.3398174171875 0.2943258125 0.3914311546875 0.244359215625 0.42237447968749997 0.220984059375 0.466579371875
2 0.448359721875 0.2817782421875 0.3652715671875 0.33985293906249997 0.379550046875 0.353758753125 0.511516428125 0.3331778796875 0.6348734687500001 0.3345383921875 0.721324134375 0.2860563578125 0.7254582453125 0.269233428125 0.6935387703125 0.23182913906249997 0.58876488125 0.2334037484375 0.448359721875 0.2817782421875
2 0.136872540625 0.489540653125 0.164747271875 0.4939433328125 0.20884165625 0.47307585625000004 0.235238196875 0.4267591546875 0.2323061703125 0.3790464265625 0.1718622421875 0.2620552234375 0.12109970156250001 0.2656881140625 0.098374275 0.3850772390625 0.136872540625 0.489540653125
2 0.2689933046875 0.3155846703125 0.33275105312500003 0.3347164796875 0.36644113906250003 0.3270925640625 0.427924759375 0.2681945515625 0.434170603125 0.2180478890625 0.39934344843749997 0.18665689531250002 0.35926946718749997 0.1867999546875 0.28855112968749996 0.2461811515625 0.2689933046875 0.3155846703125
2 0.11982458437500002 0.1690456890625 0.15573195 0.23750084375 0.21749166562500002 0.293857875 0.26209773593749996 0.2905471046875 0.2953655046875 0.215541940625 0.256810384375 0.10912778125 0.18604335156250001 0.06105691875 0.12758112500000002 0.1178431203125 0.11982458437500002 0.1690456890625
2 0.106512609375 0.18830254531249999 0.0358511203125 0.2496344859375 0.00266454375 0.3803164265625 0.027542229687499996 0.44055694062499995 0.1057815234375 0.427671515625 0.0938747046875 0.336469665625 0.11052484375 0.273079440625 0.14700890312499998 0.25554073593750004 0.1478942171875 0.2330266328125 0.1390899765625 0.1953897515625 0.106512609375 0.18830254531249999
2 0 0.528747940625 0.085452103125 0.523490628125 0.114155284375 0.503428459375 0.1149268890625 0.47701286875 0.058552048437500004 0.44674930625 0 0.44411183750000005 0 0.528747940625
2 0 0.6181957546875 0.0727330015625 0.6159809734375 0.10881909218750001 0.5847870484375 0.06760804687500001 0.5459151999999999 0 0.5397071999999999 0 0.6181957546875
2 0.10336919375 0.66224415 0.08846532343749999 0.6268801359375 0.024983675 0.7230033734375 0.04669375625 0.8332294890625 0.1615226546875 0.9122081640624999 0.25398358593750003 0.9112778 0.2748490359375 0.8867414234375 0.1904614140625 0.7944476609375 0.1599145875 0.6983599484375 0.10336919375 0.66224415
2 0.515845284375 0.7461631890625 0.5163569640625 0.7637198953125 0.44994329375 0.8121304 0.5229926140625001 0.8327297687499999 0.6062188234375 0.8322825890625 0.6793575093750001 0.8030574171874999 0.694180178125 0.782744653125 0.649834034375 0.7420831203125 0.547967825 0.7376444328125 0.515845284375 0.7461631890625
2 0.5904381843750001 1 0.690971896875 0.9900068546874999 0.632176715625 0.9295872703124999 0.46718630625 0.8219736609374999 0.3701932984375 0.8260717312500001 0.397548178125 0.9184190171875001 0.5155612015625 1 0.5904381843750001 1
2 0.61738655 0.89812475 0.703293025 0.8838612953125 0.7422868015625 0.846654071875 0.6826063078125 0.8087485937500001 0.6092970625 0.8321215265624999 0.512247196875 0.8342688546874999 0.5661691828125 0.8861516765624999 0.61738655 0.89812475
2 0.6795605734375 0.7571343703125 0.72783775625 0.8268960234374999 0.7881761421875 0.8344844218749999 0.9417470609375 0.8147268562500001 0.9680409390625 0.80178658125 0.9693122890625 0.77058541875 0.9524112812500001 0.75751099375 0.8193078375 0.7390769609375 0.702220984375 0.7412958140625 0.6795605734375 0.7571343703125
2 0.9672396265625001 0.821452221875 0.7373567453125001 0.836166565625 0.848482021875 0.8938480999999999 0.9630979125 0.923097178125 0.9672396265625001 0.821452221875
2 0.7893050406250001 0.979000640625 0.8752683703124999 0.9666879296875001 0.8895793609375 0.9288184578124999 0.742741628125 0.8622600359374999 0.6819727578125 0.89279170625 0.62214604375 0.9027600203124999 0.6991264078125 0.9524595046875 0.7893050406250001 0.979000640625
2 0.6281157937499999 0.7373583140625 0.6567052640625 0.7133946578125 0.6572494546875001 0.6791760828125 0.6408348953125 0.6448679703125 0.542444896875 0.6539234390625001 0.5331208078125 0.7042311640625 0.5787502359375 0.7360338140625 0.6281157937499999 0.7373583140625
2 0.1630496796875 0.70014963125 0.19280056875 0.7689269078125001 0.28819351875 0.8157092796875001 0.4360627828125 0.8118798046875 0.5084055234375 0.7553441984375 0.48611874374999997 0.7311119374999999 0.42415595625 0.7206779578125 0.263860025 0.7212501875 0.1630496796875 0.70014963125
2 0.21364182812500002 0.3204345296875 0.2451876671875 0.3979096296875 0.3521870015625 0.36691277968749997 0.363874578125 0.34481033125 0.2458780765625 0.3158172640625 0.21364182812500002 0.3204345296875
2 0.8553370749999999 0.70593229375 0.7613979640624999 0.656143275 0.6485589203125001 0.645440690625 0.661692171875 0.7258329109375 0.831563946875 0.7364819687499999 0.8514303765625 0.7305582015625001 0.8553370749999999 0.70593229375
2 0.8018130640625 0.6677046875 0.9737965734375 0.6450300140625 0.9748508875 0.63465849375 0.9773188562499999 0.57409019375 0.8790615140625 0.5679305546875 0.7562730015625 0.5860775015625 0.6914837359375 0.6373335875 0.8018130640625 0.6677046875
2 0.7147208375 0.5355011765625 0.6984443234375 0.5588205859375 0.7592943937500001 0.58396569375 0.9183964078125 0.5424278078125 0.9796376499999999 0.5171829390625 0.9801600140625 0.5043632031249999 0.9775165328125001 0.45532451875 0.79618459375 0.4745808921875 0.7862351249999999 0.503430415625 0.7147208375 0.5355011765625
2 0.9319277843749999 0.2662452734375 0.9728083921874999 0.24163851093750002 0.9700119078125 0.197826128125 0.8463705984375001 0.18671188593750002 0.6531805234375 0.2222184671875 0.7356919796875 0.25013763125 0.68825943125 0.3151384734375 0.9319277843749999 0.2662452734375
2 0.4612818953125 0.1433648515625 0.43841841875 0.20512645 0.44269057656250005 0.2459310453125 0.50263099375 0.239864221875 0.5603216171875001 0.2094936109375 0.731566034375 0.16145924375 0.739947959375 0.1317148796875 0.631243028125 0.1041893671875 0.48405600625 0.1314277890625 0.4612818953125 0.1433648515625
2 0.4651885921875 0.11873893906249999 0.70209941875 0.1024356953125 0.76315255625 0.0816577484375 0.7777478140625 0.053542006249999996 0.6897976421875 0.0120404625 0.622535565625 0.010866398437499999 0.5484798171875 0.014741192187499998 0.502273696875 0.068932403125 0.43249751718749996 0.10775024375 0.4651885921875 0.11873893906249999
2 0.28682118437500004 0.133932759375 0.339094428125 0.12924396093749999 0.49466337187500004 0.0722611765625 0.5302946359375 0.025461290625 0.5190949296875 0.009060835937500001 0.4825396171875 0.008422760937499999 0.37273582968749996 0.014167985937499999 0.26607761406249997 0.056869312500000005 0.24387203125 0.08831382812500001 0.28682118437500004 0.133932759375
2 0.9414549390625 0.1700145015625 0.9703068484375 0.1558057109375 0.9668281265625 0.0885843828125 0.745479059375 0.10993455781249999 0.7346442796875 0.16129818125 0.5512574609375 0.21582903281250002 0.5044828046875 0.250512790625 0.9414549390625 0.1700145015625
2 0.710773621875 0.3471737109375 0.75164355 0.374341090625 0.73402690625 0.4045686421875 0.8004080640625 0.407933421875 0.8308493546875001 0.3946183359375 0.950421571875 0.31900493124999996 0.966470671875 0.2878825390625 0.9014864984375001 0.2795603640625 0.7363985609375 0.32727260468749997 0.710773621875 0.3471737109375
2 0.7482403671875 0.522025025 0.7831568812499999 0.5035914781249999 0.783928484375 0.47717588437499997 0.6659319765625 0.4481828140625 0.4890184171875 0.46036998125000006 0.5887728937500001 0.49813240625 0.613195746875 0.5427669578125001 0.7482403671875 0.522025025