2 0.6169361953125 0.36247735468750003 0.6835822546875 0.3499804703125 0.719596259375 0.319650134375 0.766437984375 0.16045389375000002 0.717958553125 0.0764397875 0.692038278125 0.0825048125 0.6300614312499999 0.140592390625 0.5876444421875 0.20051938281249998 0.5813743312499999 0.2971229578125 0.5902554515625 0.35190550625 0.6169361953125 0.36247735468750003
2 0.47586396249999996 0.175787696875 0.571647615625 0.2690879734375 0.5977594484375001 0.1654079625 0.529135140625 0.1082322640625 0.47586396249999996 0.175787696875
2 0.5853043687499999 0.31523066875 0.507017190625 0.197481653125 0.3939337984375 0.163098690625 0.35839839375000004 0.2189817578125 0.3593768765625 0.2592411046875 0.48944075781249996 0.39739840000000004 0.5550231984375 0.3880266078125 0.5844374796875 0.35282434375 0.5853043687499999 0.31523066875
2 0.49543417500000003 0.44179425468750005 0.47598073437500005 0.38572429375 0.3262931421875 0.2782659140625 0.2390661765625 0.27035625625000004 0.21723009062499998 0.35068979218749996 0.2552010578125 0.400878153125 0.3148803953125 0.435809634375 0.437233196875 0.46182874375000005 0.49543417500000003 0.44179425468750005
2 0.479458625 0.49951673906250005 0.446481315625 0.464310996875 0.2297806625 0.42164979531249996 0.127966203125 0.43772945312499995 0.12158449843750001 0.456480003125 0.148440684375 0.5123665453124999 0.2461974125 0.543255840625 0.45642605312500006 0.515968453125 0.479458625 0.49951673906250005
2 0.206604271875 0.6461078546875 0.26105066250000003 0.6532803546875 0.2872528078125 0.638299478125 0.2645233828125 0.6349892265625 0.31503973749999997 0.6240540171875 0.21350714062499998 0.6312178171875 0.206604271875 0.6461078546875
2 0.49839089999999997 0.5517261921875 0.48310679375000004 0.5265403046875 0.44214171249999995 0.5201957984375001 0.28744436093750003 0.540684484375 0.1951386046875 0.561176653125 0.1395647484375 0.5896675703125001 0.14138883124999999 0.6031793546875 0.3250908875 0.621480921875 0.481436875 0.5691893265625 0.49839089999999997 0.5517261921875
2 0.5652124109375001 0.584544003125 0.5219020750000001 0.56082720625 0.358956371875 0.6082468796875 0.314215415625 0.6399554734375 0.3151938984375 0.6802148203125 0.3701188890625 0.71294005 0.46107915781250003 0.7044888312500001 0.5577032375 0.6389579703125 0.5652124109375001 0.584544003125
2 0.590728290625 0.7845550671875 0.6599111609375 0.6918154828125 0.6370701375000001 0.610652209375 0.5789117312500001 0.608994471875 0.5455035625 0.65862735625 0.45680340625 0.7278353078124999 0.4352917625 0.7775607671875 0.49178024843749996 0.821867525 0.5441419703125 0.8135979875 0.590728290625 0.7845550671875
2 0.7767330359375 0.8419211437499999 0.8026533109375 0.8358561218749999 0.8339768140625001 0.7707812015625 0.8192990109375 0.70607138125 0.749132484375 0.62646804375 0.6780777890625 0.5953044921874999 0.6365489703125 0.6067916999999999 0.6633838812499999 0.67352435625 0.6502960343749999 0.7416335265625 0.71149630625 0.8098387562499999 0.7767330359375 0.8419211437499999
2 0.282381684375 0.42615662343749994 0.20798197031250001 0.3482075421875 0.13052429375000002 0.3466406453125 0.12909366875 0.40206603125000007 0.153886478125 0.43166443125000004 0.282381684375 0.42615662343749994
2 0.0881550421875 0.5169589953125 0.144079796875 0.5790974640625 0.242224809375 0.54684035 0.115160225 0.4969227703125 0.0881550421875 0.5169589953125
2 0.34157149375 0.710548634375 0.30572775937499996 0.6541100937500001 0.18120516250000002 0.6560333859374999 0.12532815 0.7042862765625 0.20695516875000003 0.736737240625 0.34157149375 0.710548634375
2 0.40051164687499996 0.7179971359375 0.378000240625 0.7383093546875 0.33921013437499997 0.836106025 0.43095215312499996 0.833445571875 0.46271168749999997 0.8156156031249999 0.42975565937500004 0.76956375 0.49255682187499994 0.6955747156250001 0.40051164687499996 0.7179971359375