4 0.140625 0.2829161953125 0.1513671890625 0.2998650921875 0.2324218765625 0.3089914234375 0.2675781234375 0.2829161953125 0.2724609375 0.24771464375000002 0.1767578109375 0.24510711875000002 0.140625 0.2829161953125
4 0.322265625 0.2125130875 0.369140625 0.217728134375 0.3994140625 0.211209325 0.4042968765625 0.1890453859375 0.3408203125 0.1590588765625 0.322265625 0.2125130875
4 0.3164062515625 0.2672710625 0.3232421890625 0.30508013906250003 0.3867187484375 0.3194215109375 0.4453125015625 0.26205601562499997 0.4169921890625 0.2372845515625 0.3740234359375 0.2372845515625 0.3164062515625 0.2672710625
4 0.0966796875 0.440671309375 0.083984375 0.475872865625 0.1259765640625 0.5006443296875001 0.1425781234375 0.5384534078125001 0.1787109375 0.5345421234375001 0.2773437484375 0.44979763906250003 0.2119140625 0.419811128125 0.0966796875 0.440671309375
4 0.2509765640625 0.3102951859375 0.2265625015625 0.3272440828125 0.1875 0.40546975781250005 0.2226562515625 0.413292325 0.3115234359375 0.41198856250000004 0.369140625 0.36374939687499996 0.3486328109375 0.318117753125 0.2509765640625 0.3102951859375
4 0.09570312343750001 0.36896444375000004 0.1123046875 0.3937359078125 0.1835937484375 0.39503966562500004 0.2167968765625 0.3559268296875 0.2099609375 0.3207252734375 0.1494140625 0.3207252734375 0.09570312343750001 0.36896444375000004
4 0.2460937484375 0.564528634375 0.244140625 0.59321138125 0.2763671890625 0.644058071875 0.3261718765625 0.653184396875 0.396484375 0.60364146875 0.4091796875 0.5319345984375 0.2802734359375 0.52671955625 0.2460937484375 0.564528634375
4 0.4267578109375 0.4145960875 0.3867187484375 0.5019480921875 0.5117187484375 0.51498570625 0.546875 0.48630295312499994 0.5488281234375 0.436760025 0.5068359375 0.396343428125 0.4267578109375 0.4145960875
4 0.291015625 0.436760025 0.2978515640625 0.5162894640625 0.3730468765625 0.5175932265625 0.3984374984375 0.462835253125 0.3779296875 0.4172036078125 0.3271484359375 0.4145960875 0.291015625 0.436760025
4 0.1025390625 0.5527947828124999 0.041015625 0.608856515625 0.0400390625 0.638843025 0.134765625 0.6792596234375 0.2275390625 0.6101602781250001 0.234375 0.564528634375 0.1513671890625 0.5371496437500001 0.1025390625 0.5527947828124999
4 0.1279296875 0.690993475 0.041992189062500004 0.7457514484375001 0.019531251562499997 0.8409260203125 0.07031250156249999 0.8643937265625 0.1748046875 0.8135470359375001 0.1992187484375 0.7235875109375 0.1728515640625 0.690993475 0.1279296875 0.690993475
4 0.2529296875 0.6805633859375 0.2109374984375 0.7235875109375 0.1875 0.7861680515625 0.1835937484375 0.820065840625 0.2119140625 0.8526598765625 0.4199218765625 0.87221629375 0.4394531234375 0.707942371875 0.3974609375 0.664918253125 0.3056640625 0.65970320625 0.2529296875 0.6805633859375
4 0.4501953125 0.7092461343750001 0.4296874984375 0.80442070625 0.4550781234375 0.820065840625 0.4609374984375 0.8539636343750001 0.4814453125 0.87352005625 0.5644531234375 0.87221629375 0.6328125015625 0.8461410671875 0.625 0.7053348500000001 0.4853515640625 0.6831709078125 0.4501953125 0.7092461343750001
4 0.4169921890625 0.5345421234375001 0.4082031234375 0.5723512015625001 0.4257812515625 0.6349317421875 0.4462890625 0.6727408203125 0.478515625 0.6792596234375 0.5927734359375 0.6623107265625 0.6328125015625 0.5853888140625 0.5791015640625 0.542364690625 0.4169921890625 0.5345421234375001
4 0.6845703125 0.7144611796875 0.6425781234375 0.720979984375 0.6738281234375 0.7470552109375 0.6748046875 0.7692191546875 0.7675781234375 0.8357109796875 0.859375 0.7574852984375 0.8076171890625 0.6623107265625 0.7470703125 0.65970320625 0.6845703125 0.7144611796875
4 0.8300781234375 0.627109175 0.8310546875 0.677955865625 0.8876953125 0.72489126875 0.9238281234375 0.7314100765625 0.9853515640625 0.7170687015625 1 0.6662220109375 0.8935546875 0.59451514375 0.8300781234375 0.627109175
4 0.5898437484375 0.5332383609375 0.7207031234375 0.62450165 0.787109375 0.598426428125 0.7685546875 0.5188969890624999 0.6259765640625 0.49282176250000004 0.5898437484375 0.5332383609375
4 0.8291015640625 0.42763370156249997 0.7617187484375 0.45762020625 0.7617187484375 0.4784803859375 0.7978515640625 0.5006443296875001 0.8076171890625 0.5345421234375001 0.8320312515625 0.5358458859375 0.9072265640625 0.5058593765625 0.927734375 0.4550126859375 0.9052734359375 0.43284874218749997 0.8291015640625 0.42763370156249997
4 0.5693359375 0.42763370156249997 0.5664062515625 0.44458259218749996 0.5859374984375 0.4550126859375 0.572265625 0.4784803859375 0.6171874984375 0.49673304687500003 0.7060546875 0.48239167031249996 0.708984375 0.4263299375 0.6376953125 0.401558475 0.5693359375 0.42763370156249997
4 0.4140625015625 0.36635691718749996 0.4667968765625 0.39243214375 0.5224609375 0.385913340625 0.5234374984375 0.3376741703125 0.4306640625 0.3155102265625 0.4140625015625 0.36635691718749996
4 0.671875 0.275093628125 0.6904296875 0.32333279375 0.771484375 0.3376741703125 0.7832031234375 0.2985613296875 0.7548828109375 0.2607522578125 0.6982421890625 0.2529296859375 0.671875 0.275093628125
4 0.791015625 0.2698785828125 0.8525390625 0.32594032031250003 0.921875 0.3376741703125 0.9257812515625 0.2933462890625 0.9033203125 0.2659672984375 0.8212890625 0.2529296859375 0.791015625 0.2698785828125
4 0.630859375 0.3220290359375 0.666015625 0.3037763765625 0.6591796875 0.273789865625 0.5810546875 0.263359778125 0.556640625 0.27770115 0.5332031234375 0.38721709843749996 0.5761718765625 0.4158998453125 0.6767578109375 0.38330581406249997 0.6894531234375 0.36374939687499996 0.6845703125 0.32333279375 0.630859375 0.3220290359375
4 0.7148437484375 0.199475475 0.7119140625 0.229461984375 0.7890625015625 0.251625928125 0.8291015640625 0.2372845515625 0.8457031234375 0.207298040625 0.7705078109375 0.1694889640625 0.7148437484375 0.199475475
4 0.4550781234375 0.26205601562499997 0.4755859375 0.30508013906250003 0.5195312515625 0.3168139890625 0.5585937484375 0.2724861078125 0.5400390625 0.239892071875 0.4814453125 0.2320695046875 0.4550781234375 0.26205601562499997