2 0.36658938750000003 0 0.357271440625 0.005915484375 0.325283984375 0.067760340625 0.3292258140625 0.0975275953125 0.3957668859375 0.0551880546875 0.4080228390625 0.07285820312499999 0.5521742984375 0.061441926562500006 0.669710096875 0.1046666125 0.701860415625 0.08665705 0.670410071875 0.0118309453125 0.5926013078125 0 0.36658938750000003 0
2 0.6177177781250001 0.07870478125 0.50514950625 0.0600822703125 0.3264725375 0.10643055312500001 0.31489229218750003 0.13001315468750002 0.333923825 0.1433338140625 0.5196739906250001 0.1258693203125 0.6312165703125 0.14965690781250002 0.6540532625 0.10908398125 0.6177177781250001 0.07870478125
2 0.369720278125 0.21612110312500002 0.506961396875 0.21965633750000002 0.6126193328125 0.25323035781250003 0.692550625 0.2526194125 0.66914488125 0.18690025 0.6307037234374999 0.1522394453125 0.499482009375 0.1283157578125 0.32682444374999997 0.15427558125000002 0.2896804125 0.1875085171875 0.2790453890625 0.23113983125 0.2976988375 0.23644100625000003 0.369720278125 0.21612110312500002
2 0.6198553921875 0.32594943125000003 0.63732028125 0.2925803921875 0.6030361859375 0.25187103906249997 0.5294481015625 0.2255012421875 0.3653741703125 0.2181599171875 0.3128428234375 0.234606178125 0.2776154234375 0.268110978125 0.2706246140625 0.3082762703125 0.3019925734375 0.31405329531250004 0.4666598203125 0.2935982953125 0.6198553921875 0.32594943125000003
2 0.604522359375 0.3237745203125 0.46231371250000003 0.2956371109375 0.3141942359375 0.3171116828125 0.2696270234375 0.367878665625 0.317786084375 0.39329676875 0.6196682671875 0.41620255000000006 0.6422354390625 0.39683367187499996 0.6335151265625 0.34647398125 0.604522359375 0.3237745203125
2 0.6808937421875 0.4899415328125 0.6296295015625 0.42558135625000004 0.533419953125 0.40396867500000005 0.3184879734375 0.3947239734375 0.211941025 0.44997587499999997 0.21863613437499999 0.47084017031250003 0.30110547187500003 0.4971420828125 0.45848429218750003 0.4836191078125 0.602096721875 0.514610925 0.6808937421875 0.4899415328125
2 0.19599040625 0.6096857046874999 0.3960740984375 0.5597356437500001 0.5589875765625 0.5828440734375 0.6086589953125 0.64034010625 0.6459377796875 0.5965051531250001 0.6169711953125 0.5339801390625001 0.6314132906250001 0.5307181046875 0.6236924890625 0.515018884375 0.397017403125 0.48552149062499994 0.26460905156250003 0.51719045625 0.192048578125 0.5799184484375 0.183599696875 0.6026175765625 0.19599040625 0.6096857046874999
2 0.5511077484375 0.7118352953125 0.6226706328125 0.7087096953125 0.64396878125 0.6758843875 0.5584747296875 0.5854266171875 0.3898113640625 0.561502596875 0.235672484375 0.6033656203125 0.1955861375 0.64149176875 0.18700249687499998 0.6747929203125 0.23286684218749998 0.691919678125 0.33606719687500003 0.6733670546875 0.5511077484375 0.7118352953125
2 0.26701618125 0.743231059375 0.41664800937499996 0.753834415625 0.5667665046875 0.8016807890625 0.5905765187500001 0.8355938843749999 0.6287200562499999 0.8370214218750001 0.6298262203125 0.8066425531249999 0.5795876718749999 0.7371172984375 0.5099676015625 0.700689209375 0.3355543484375 0.6759495984375 0.2687156625 0.68505586875 0.21081251406249998 0.7087060187499999 0.15563646250000002 0.7632787609375 0.21370246874999999 0.7834639 0.2423976203125 0.7729300984374999 0.23378588125 0.7517939375 0.26701618125 0.743231059375
2 0.3548330515625 0.8964174937499999 0.6329333234375001 0.9398474968749999 0.592034590625 0.853060053125 0.5401770265625 0.8164961999999999 0.4863766546875 0.8194860328125 0.4943126859375 0.7993694437500001 0.4701526859375 0.8118741765624999 0.21842666249999998 0.7894445734375 0.1410072359375 0.85679391875 0.14233055 0.88486210625 0.2211013875 0.9000182671875001 0.3548330515625 0.8964174937499999
2 0.1510508609375 0.9352218000000001 0.15059229999999998 0.9524161031249999 0.434713459375 0.991700809375 0.5736681296875 0.989275346875 0.5908760562500001 0.96309001875 0.35623683437500003 0.8992718953125 0.197778034375 0.903348184375 0.1510508609375 0.9352218000000001
2 0.6727239765624999 0.9627509406250001 0.7873369203125 0.98554574375 0.8855017609375 0.9838322703125 0.9027980265625001 0.8758979546875001 0.71469885625 0.870459340625 0.67204826875 0.9214981859375 0.6727239765624999 0.9627509406250001
2 0.6573851875 0.677787434375 0.7045466578124999 0.76280793125 0.7606417484375 0.7681094390625 0.82626761875 0.8544213734375001 0.9093845625 0.867538725 0.9302222312499999 0.757644853125 0.7880135875 0.7295074453125 0.720201571875 0.664127696875 0.6573851875 0.677787434375
2 0.73526316875 0.5932437890625 0.7762704796875 0.7092547609375 0.9166167843749999 0.7517320671875 0.9324626640625 0.7513244390625 0.9445819390624999 0.6853337453125 0.8444305609375 0.633953815625 0.7553727671875 0.5217482671875 0.73526316875 0.5932437890625
2 0.9429891125 0.6784696015625 0.9645829609375 0.584614696875 0.7910063593750001 0.55070026875 0.8568212718750001 0.6410219421875001 0.9429891125 0.6784696015625
2 0.9783090359375001 0.5148793296874999 0.9811235281249999 0.445806753125 0.80136995 0.4340101359375 0.7671682421875 0.4623498578125 0.776725203125 0.5035347265625 0.9783090359375001 0.5148793296874999
2 0.7025680640624999 0.37087284375 0.70945221875 0.39574688281250003 0.804877484375 0.34688328125 0.9021389093750001 0.3235053296875 0.98478595625 0.3559243140625 0.98901691875 0.2520890375 0.9789911984374999 0.244126759375 0.8396986921874999 0.25092168593749997 0.763061628125 0.2944844453125 0.7025680640624999 0.37087284375
2 0.7725623875000001 0.2267946859375 0.79977328125 0.23862026093750002 0.9060507187500001 0.20457240468750001 0.990605721875 0.21309702656249999 0.992923128125 0.15622381875 0.9192499734374999 0.1480283984375 0.914256265625 0.1632517703125 0.7854378390625001 0.17684295625 0.7725623875000001 0.2267946859375
2 0.8027679750000001 0.15407594687499998 0.9209232734375 0.1296787546875 0.9934640937499999 0.14294754999999998 0.9968919109375 0.058822920312500006 0.926725528125 0.0508432484375 0.76829483125 0.1093568484375 0.7628425625 0.141774525 0.8027679750000001 0.15407594687499998
2 0 0.927494278125 0.054058953124999996 0.9373957078125 0.11528251406250001 0.9168718234375 0.0432048640625 0.8283170953125 0 0.8145062812500001 0 0.927494278125
2 0 0.7760922796874999 0.056782209375 0.7797925703125 0.0697662375 0.7590643703125 0.0205533796875 0.6843740328125001 0 0.67574365 0 0.7760922796874999
2 0 0.6705885828125 0.13074646406249998 0.7199189828125 0.13492970937499998 0.6740448812500001 0.00632459375 0.5575573953124999 0 0.5564644078125001 0 0.6705885828125
2 0 0.5473201343749999 0.053025584375000004 0.565509328125 0.1536617078125 0.5598694046875 0.1742036796875 0.5110051328125 0.096728046875 0.469479846875 0 0.4500649390625 0 0.5473201343749999
2 0 0.44311146562500003 0.1610025015625 0.47328627812499996 0.1935047265625 0.5031217515625 0.20708207343749999 0.4545972265625 0.153792628125 0.3607416546875 0.091839071875 0.325401021875 0.0101259109375 0.315138078125 0 0.368229953125 0 0.44311146562500003
2 0.14633941875 0.2295755265625 0.032178318750000004 0.2040888734375 0.019546198437500002 0.2726621046875 0.20551350937500001 0.313644665625 0.2326158359375 0.296246715625 0.14633941875 0.2295755265625
2 0.19546988437499999 0.23521678437500002 0.2488921703125 0.224207465625 0.219358453125 0.14965323125000002 0.152545946875 0.11893395 0.0506408 0.11111744374999999 0.0344187515625 0.197768453125 0.19546988437499999 0.23521678437500002
2 0.20702010781250002 0.062934003125 0.0650005078125 0.038806335937500006 0.0528812328125 0.1047970296875 0.20831723906250002 0.13082774375 0.2230288515625 0.106361665625 0.20702010781250002 0.062934003125