2 0.756051203125 0.259765625 0.7369326671875001 0.2880859359375 0.7404087625 0.4267578125 0.7716936375000001 0.4462890640625 0.8342633921875 0.4072265625 0.8412155890624999 0.3740234375 0.8029785171875 0.2802734375 0.756051203125 0.259765625
2 0.64655413125 0.2958984375 0.5944126671875 0.3955078125 0.5944126671875 0.4189453109375 0.64655413125 0.4287109359375 0.7369326671875001 0.2841796890625 0.7404087625 0.2626953109375 0.7143380296874999 0.2539062515625 0.64655413125 0.2958984375
2 0.6813151078125 0.4501953109375 0.7056477859375 0.4521484375 0.7404087625 0.4345703109375 0.7317185171875 0.3007812515625 0.66393461875 0.4248046890625 0.6813151078125 0.4501953109375
2 0.5891985234375 0.255859375 0.528366815625 0.3193359359375 0.50403413125 0.3857421875 0.5301048625 0.4082031234375 0.577032178125 0.4150390640625 0.639601934375 0.3017578125 0.6986955890625001 0.2529296890625 0.6726248625 0.2382812515625 0.5891985234375 0.255859375
2 0.787336078125 0.2382812515625 0.7543131484375001 0.2548828125 0.8064546125 0.2841796890625 0.8551199765625 0.4033203109375 0.93159411875 0.3896484375 0.9211658281249999 0.2900390640625 0.8742385125000001 0.2539062515625 0.787336078125 0.2382812515625
2 0.5022960828125 0.2480468765625 0.479701453125 0.2548828125 0.4379882796875 0.3681640640625 0.45884486874999997 0.3779296890625 0.5005580359375 0.3623046890625 0.5353190125 0.3037109359375 0.5318429109375 0.2626953109375 0.5022960828125 0.2480468765625
2 0.4536307203125 0.234375 0.417131696875 0.2509765625 0.385846821875 0.2998046890625 0.371942428125 0.3505859359375 0.37715657812500003 0.365234375 0.3997512078125 0.3642578125 0.4449404765625 0.3330078125 0.4762253515625 0.2744140640625 0.479701453125 0.2470703109375 0.4536307203125 0.234375
2 0.309372671875 0.3837890640625 0.3441336484375 0.3876953109375 0.40148925625 0.2578125015625 0.3510858453125 0.2744140640625 0.309372671875 0.3408203109375 0.309372671875 0.3837890640625
2 0.4292980359375 0.40625 0.380632671875 0.412109375 0.3337053578125 0.4580078125 0.340657553125 0.5302734375 0.3927990125 0.5517578125 0.414540815625 0.5207835656250001 0.40670340468750005 0.4658203109375 0.45884486874999997 0.4306640640625 0.4292980359375 0.40625
2 0.40670340468750005 0.5732421875 0.417131696875 0.5927734375 0.4553687671875 0.6005859359375 0.47274925625 0.5166015625 0.44667852343750003 0.4394531234375 0.40670340468750005 0.4755859359375 0.40670340468750005 0.5732421875
2 0.4779634046875 0.4179687484375 0.4623209640625 0.4677734375 0.5318429109375 0.5732421875 0.5561755953125 0.5537109359375 0.5526995 0.5048828125 0.5179385234375 0.4306640640625 0.4779634046875 0.4179687484375
2 0.5231526671875 0.416015625 0.5248907203125001 0.4443359359375 0.6430780296874999 0.5595703109375 0.6674107140625 0.5283203109375 0.653506321875 0.4775390640625 0.5613897437500001 0.4179687484375 0.5231526671875 0.416015625
2 0.1164492671875 0.5 0.2815638921875 0.5771484375 0.309372671875 0.6630859359375 0.354561940625 0.6376953109375 0.340657553125 0.5458984375 0.2937302375 0.525390625 0.1164492671875 0.5
2 0.1477341421875 0.5234374984375 0.135567803125 0.5400390640625 0.1946614578125 0.5966796890625 0.20508975000000002 0.6455078125 0.180757071875 0.6728515625 0.07995024375000001 0.7177734375 0.0921165828125 0.7382812515625 0.13209170312500002 0.7431640640625 0.2242082859375 0.724609375 0.3024204828125 0.6630859359375 0.278087796875 0.5751953109375 0.1477341421875 0.5234374984375
2 0 0.7197265625 0.031284875000000004 0.7216796890625 0.10602097031249999 0.7070312515625 0.180757071875 0.6630859359375 0.1911853625 0.5986328125 0.1234014578125 0.5332031234375 0.086902434375 0.6396484375 0 0.6669921875 0 0.7197265625
2 0 0.5947265625 0.0104282921875 0.6572265625 0.09385463125 0.6083984375 0.10775902343749999 0.5419921875 0.0886404875 0.53125 0 0.5947265625
2 0.5718180359375 0.537109375 0.5561755953125 0.5654296890625 0.608317059375 0.6591796890625 0.6517682734375 0.693359375 0.6917433984375 0.7001953109375 0.6986955890625001 0.6572265625 0.6430780296874999 0.5712890640625 0.599626815625 0.537109375 0.5718180359375 0.537109375
2 0.5405331546875 0.5800781234375 0.5092482796875 0.5859374984375 0.542271203125 0.6611328125 0.6430780296874999 0.7275390640625 0.6604585171874999 0.7626953109375 0.702171690625 0.7685546890625 0.6917433984375 0.7080078125 0.622221446875 0.6748046890625 0.5631277921875 0.5927734375 0.5405331546875 0.5800781234375
2 0.545747303125 0.6650390640625 0.5005580359375 0.6162109359375 0.44667852343750003 0.603515625 0.44146438125 0.6533203109375 0.545747303125 0.6650390640625
2 0.5509614468749999 0.671875 0.4292980359375 0.666015625 0.417131696875 0.6748046890625 0.4779634046875 0.6953125015625 0.559651690625 0.7529296890625 0.590936571875 0.8115234375 0.6326497375 0.7939453109375 0.6500302265625 0.7646484375 0.6291736421875 0.7236328125 0.5509614468749999 0.671875
2 0.3841087671875 0.671875 0.4936058390625 0.7919921875 0.510986328125 0.8466796890625 0.5318429109375 0.8505859359375 0.577032178125 0.8173828125 0.559651690625 0.7607421875 0.474487303125 0.6953125015625 0.3841087671875 0.671875
2 0.363252184375 0.6738281234375 0.354561940625 0.7431640640625 0.4136556015625 0.8525390640625 0.465797059375 0.8681640640625 0.5075102328125001 0.8466796890625 0.49708194062500005 0.8017578125 0.4206077921875 0.7119140640625 0.363252184375 0.6738281234375
2 0.291992190625 0.7021484375 0.29894438125 0.7978515625 0.3962751125 0.8447265625 0.41017950000000003 0.8271484375 0.354561940625 0.7529296890625 0.3284912078125 0.6738281234375 0.291992190625 0.7021484375
2 0.7125999828125 0.6572265625 0.702171690625 0.7353515625 0.7299804703125 0.7802734375 0.7751697375 0.7919921875 0.7682175421874999 0.7158203109375 0.796026321875 0.6337890640625 0.76647949375 0.630859375 0.7125999828125 0.6572265625
2 0.8029785171875 0.7998046890625 0.8377394875 0.8095703109375 0.8655482671874999 0.7880859359375 0.79776436875 0.6640625015625 0.7751697375 0.7294921875 0.8029785171875 0.7998046890625
2 0.818620953125 0.6289062515625 0.796026321875 0.6630859359375 0.862072171875 0.7841796890625 0.9176897328125 0.8056640640625 0.9420224171875 0.7685546890625 0.9037853453125001 0.6962890640625 0.85164388125 0.6337890640625 0.818620953125 0.6289062515625
2 0.862072171875 0.6416015625 0.9385463156249999 0.7255859359375 0.9420224171875 0.7900390640625 0.9941638749999999 0.7958984375 0.9941638749999999 0.6630859359375 0.9124755828125 0.625 0.8638102203125 0.6210937484375 0.862072171875 0.6416015625
2 0.72650436875 0.4775390640625 0.7230282734375 0.4990234375 0.7682175421874999 0.5107421875 0.7682175421874999 0.5302734375 0.8134068093750001 0.5341796890625 0.9941638749999999 0.4345703109375 0.995901921875 0.3945312515625 0.853381928125 0.40625 0.72650436875 0.4775390640625
2 0.8238351015625 0.5634765625 0.875976559375 0.5693359359375 0.9976399765625 0.5126953109375 0.995901921875 0.4375 0.8203590000000001 0.5361328125 0.8238351015625 0.5634765625
2 0.8864048578125001 0.5986328125 0.9976399765625 0.5693359359375 0.995901921875 0.515625 0.8585960781249999 0.5751953109375 0.8864048578125001 0.5986328125
2 0.6917433984375 0.5947265625 0.7369326671875001 0.6103515625 0.764741440625 0.5439453109375 0.75778925 0.5126953109375 0.7317185171875 0.505859375 0.6917433984375 0.5947265625
2 0.6604585171874999 0.4873046890625 0.6674107140625 0.5341796890625 0.6430780296874999 0.5615234375 0.653506321875 0.5849609359375 0.6778390062499999 0.5888671875 0.719552178125 0.5048828125 0.670886809375 0.4423828125 0.57529413125 0.421875 0.6604585171874999 0.4873046890625
2 0.2224702375 0.5126953109375 0.309372671875 0.5263671875 0.2572312140625 0.4384765625 0.203351703125 0.40625 0.158162434375 0.4082031234375 0.2224702375 0.5126953109375
2 0.078212190625 0.4140625015625 0.0590936546875 0.4345703109375 0.0521414640625 0.5048828125 0.06952195312500001 0.5126953109375 0.14251999375 0.4814453109375 0.1459960953125 0.4248046890625 0.1234014578125 0.4101562515625 0.078212190625 0.4140625015625
2 0.0069521968749999994 0.3935546890625 0.0521414640625 0.3388671875 0.0521414640625 0.3056640640625 0.001738046875 0.2480468765625 0.0069521968749999994 0.3935546890625
2 0.10254487500000001 0.4101562515625 0.14251999375 0.4111328125 0.1633765828125 0.2763671875 0.126877559375 0.2675781234375 0.09385463125 0.3974609359375 0.10254487500000001 0.4101562515625
2 0.1859712140625 0.271484375 0.1633765828125 0.2783203109375 0.1529482859375 0.3134765625 0.1599004828125 0.4072265625 0.20508975000000002 0.3994140640625 0.21551804218749998 0.3642578125 0.21551804218749998 0.2822265625 0.1859712140625 0.271484375
2 0.2537551125 0.4228515625 0.28503999375 0.3173828125 0.2311604828125 0.275390625 0.20508975000000002 0.4033203109375 0.2537551125 0.4228515625
2 0.2398507265625 0.2744140640625 0.309372671875 0.3388671875 0.340657553125 0.2841796890625 0.2902541375 0.259765625 0.24854097031250003 0.259765625 0.2398507265625 0.2744140640625
2 0 0.2412109359375 0.0208565828125 0.2431640640625 0.07995024375000001 0.2158203109375 0.1147112140625 0.1357421875 0.118187315625 0.11230468906249999 0.0747360953125 0.08984374843750001 0.0521414640625 0.0947265625 0 0.1806640640625 0 0.2412109359375
2 0.1147112140625 0.1669921875 0.1459960953125 0.2119140640625 0.21377999375 0.2480468765625 0.3302292625 0.2646484375 0.2189941421875 0.1826171875 0.1911853625 0.11621093593750001 0.13382975 0.10742187656249999 0.1147112140625 0.1669921875
2 0.1147112140625 0.2705078125 0.180757071875 0.2412109359375 0.1234014578125 0.2011718765625 0.0278087796875 0.2490234375 0.1147112140625 0.2705078125
2 0.26765950625 0.10253906406249999 0.26765950625 0.1474609359375 0.2954682859375 0.2119140640625 0.34760975 0.2470703109375 0.3649902328125 0.2197265625 0.34760975 0.0947265625 0.307634625 0.08203125156249999 0.26765950625 0.10253906406249999
2 0.20508975000000002 0.1611328125 0.26765950625 0.2197265625 0.309372671875 0.2333984375 0.260707309375 0.1083984375 0.23811267812499998 0.103515625 0.20161365468749998 0.1201171875 0.20508975000000002 0.1611328125
2 0.40322730937499995 0.1083984375 0.3684663328125 0.1650390640625 0.3649902328125 0.2333984375 0.3893229171875 0.2509765625 0.46927316093749993 0.2080078125 0.4379882796875 0.1474609359375 0.44667852343750003 0.08593749843750001 0.40322730937499995 0.1083984375
2 0.50403413125 0.0986328125 0.457106815625 0.08593749843750001 0.4379882796875 0.1435546890625 0.46927316093749993 0.1904296890625 0.568341934375 0.234375 0.6187453515625 0.2333984375 0.66393461875 0.2236328125 0.6048409578125 0.2060546890625 0.5318429109375 0.1513671875 0.50403413125 0.0986328125
2 0.6065790062499999 0.037109375 0.5666038875 0.07128906406249999 0.5666038875 0.1455078125 0.608317059375 0.2041015625 0.6604585171874999 0.2177734375 0.6743629109375 0.2041015625 0.639601934375 0.1337890640625 0.64655413125 0.049804689062500004 0.6065790062499999 0.037109375
2 0.6500302265625 0.1572265625 0.69521949375 0.2119140640625 0.7039097375 0.033203123437499996 0.653506321875 0.0458984375 0.639601934375 0.1083984375 0.6500302265625 0.1572265625
2 0.719552178125 0.0478515625 0.70912388125 0.1865234375 0.7369326671875001 0.1943359359375 0.7925502265625 0.10253906406249999 0.796026321875 0.0517578125 0.76647949375 0.033203123437499996 0.719552178125 0.0478515625
2 0.836001440625 0.033203123437499996 0.796026321875 0.040039064062500004 0.796026321875 0.10644531093750001 0.7508370531249999 0.1884765625 0.7786458328125 0.2001953109375 0.844691684375 0.1552734375 0.875976559375 0.10058593593750001 0.875976559375 0.0595703109375 0.836001440625 0.033203123437499996
2 0.8568580234375001 0.0292968765625 0.844691684375 0.0361328125 0.875976559375 0.0576171875 0.8794526609375 0.10058593593750001 0.9454985125 0.1943359359375 0.9837355828125001 0.1708984375 0.9802594875 0.10644531093750001 0.9350702203125 0.0517578125 0.8568580234375001 0.0292968765625
2 0.8238351015625 0.2119140640625 0.8585960781249999 0.2158203109375 0.90030924375 0.1611328125 0.8777146124999999 0.11132812343750001 0.8238351015625 0.1767578125 0.8238351015625 0.2119140640625
2 0.21204194687500003 0.0732421875 0.1164492671875 0 0.031284875000000004 0.0009765625 0.10254487500000001 0.048828123437499996 0.21204194687500003 0.0732421875
2 0.3041585296875 0 0.22942243437499998 0.0009765625 0.246802921875 0.06542968906249999 0.3041585296875 0
2 0.2711356015625 0.0517578125 0.29894438125 0.0595703109375 0.371942428125 0.0302734375 0.3910609640625 0 0.305896578125 0.0029296890625 0.2711356015625 0.0517578125
2 0.2711356015625 0.0732421875 0.3684663328125 0.0830078125 0.4240838921875 0.0478515625 0.4379882796875 0.0146484375 0.42234584531249997 0 0.2711356015625 0.0732421875
2 0.1147112140625 0.9755859359375 0.126877559375 1 0.1911853625 0.9990234375 0.1877092625 0.9365234375 0.1303536546875 0.8164062515625 0.086902434375 0.8681640640625 0.1147112140625 0.9755859359375
2 0.2885160890625 0.8935546890625 0.26765950625 0.8544921875 0.2972063328125 0.869140625 0.3024204828125 0.8544921875 0.2659214578125 0.8242187484375 0.17206682812500002 0.7988281234375 0.149472190625 0.8291015625 0.20161365468749998 0.9873046890625 0.21377999375 1 0.291992190625 0.9990234375 0.309372671875 0.9677734375 0.2954682859375 0.8974609359375 0.31632486875 0.8916015625 0.2885160890625 0.8935546890625
2 0.24158877343750002 0.771484375 0.20508975000000002 0.7939453109375 0.31632486875 0.8564453109375 0.3267531609375 0.9111328125 0.305896578125 0.9814453109375 0.3302292625 0.9873046890625 0.40322730937499995 0.9287109359375 0.3997512078125 0.8720703109375 0.278087796875 0.7763671875 0.24158877343750002 0.771484375
2 0.45189267187500004 0.8837890640625 0.4623209640625 0.9365234375 0.5092482796875 1 0.5874604703124999 0.9990234375 0.5353190125 0.9228515625 0.5248907203125001 0.8603515625 0.5057721843749999 0.8574218765625 0.45189267187500004 0.8837890640625
2 0.6048409578125 0.9873046890625 0.6430780296874999 0.9970703109375 0.6604585171874999 0.9873046890625 0.6500302265625 0.9404296890625 0.554437546875 0.8554687484375 0.6048409578125 0.9873046890625
2 0.57529413125 0.8417968765625 0.5526995 0.8720703109375 0.5944126671875 0.8837890640625 0.64655413125 0.9326171875 0.66393461875 0.9833984375 0.702171690625 0.9931640640625 0.733456565625 0.9755859359375 0.7230282734375 0.9326171875 0.656982421875 0.8701171875 0.57529413125 0.8417968765625
2 0.7612653453125 0.8056640640625 0.7404087625 0.8427734375 0.75778925 0.9365234375 0.8099307078125 0.8818359359375 0.8203590000000001 0.8115234375 0.7942882734375 0.8007812515625 0.7612653453125 0.8056640640625
2 0.8134068093750001 0.8818359359375 0.8377394875 0.8876953109375 0.8933570468750001 0.8818359359375 0.8707624171875 0.8105468765625 0.8203590000000001 0.8212890640625 0.8134068093750001 0.8818359359375
2 0.9976399765625 0.8818359359375 0.9385463156249999 0.8154296890625 0.891619 0.8105468765625 0.90030924375 0.8798828125 0.9976399765625 0.8818359359375
2 0.9229038812500001 0.9257812515625 0.9941638749999999 0.9736328125 0.9924258281249999 0.8828125015625 0.8672863218750001 0.884765625 0.8029785171875 0.8994140640625 0.9229038812500001 0.9257812515625
2 0.9941638749999999 0.9990234375 0.9194277796874999 0.927734375 0.8168829046875 0.9111328125 0.9020472921874999 1 0.9941638749999999 0.9990234375
2 0.79776436875 0.9101562515625 0.8168829046875 0.9990234375 0.8968331484375 0.9990234375 0.79776436875 0.9101562515625
2 0 0.8466796890625 0.031284875000000004 0.8505859359375 0.001738046875 0.8515625015625 0 0.8642578125 0.06952195312500001 0.8681640640625 0.11123511875 0.8427734375 0.1251395125 0.7763671875 0.0990687796875 0.744140625 0.029546828125 0.7265625015625 0.0104282921875 0.7333984375 0.038237071875 0.7529296890625 0.038237071875 0.7841796890625 0 0.8193359359375 0 0.8466796890625
2 0.4988199875 0.046875 0.5353190125 0.0517578125 0.559651690625 0.0361328125 0.519676571875 0 0.4275599875 0.0009765625 0.4988199875 0.046875
2 0.924641928125 0.3251953109375 0.9350702203125 0.3896484375 0.9733072921874999 0.3916015625 0.9906877796875 0.2666015625 0.961140953125 0.259765625 0.924641928125 0.2939453109375 0.924641928125 0.3251953109375