2 0.5107774843749999 0.49000988906250004 0.5695247328125 0.3727881515625 0.5705086046875001 0.3189144671875 0.5330193609375 0.318260025 0.4567863109375 0.40636223125 0.43707502500000006 0.40588222187499995 0.38931337187500004 0.45499773125000004 0.3517037890625 0.53602695 0.3370448515625 0.6628529015625 0.36126711562499997 0.8617137156249999 0.40412235 0.9673213484375 0.5407841140625 0.99106846875 0.7646673515625 0.9871605718750001 0.63073341875 0.8924457515625001 0.51617348125 0.722792990625 0.4898116453125 0.5789409765625 0.5107774843749999 0.49000988906250004
2 0.65215913125 0.47018768125 0.6274814109375 0.3687709875 0.6085047953125 0.35654703125 0.5900351171875 0.381301184375 0.5948297328125001 0.4294992953125 0.556962409375 0.4314206609375 0.5008616734375 0.5306117140625 0.4962044625 0.6432051234375 0.5262611140625 0.7349297359375 0.5961828421875001 0.8448155249999999 0.6807076046875 0.92933599375 0.77032191875 0.987061871875 0.94864684375 0.9839491984375 0.9785723375 0.7800667796874999 0.8783103234375 0.7286390703125 0.747720971875 0.6210241609375 0.65215913125 0.47018768125
2 0.22746841093749998 0.836612009375 0.24867051093749998 0.8201964500000001 0.22853819843749998 0.8091076046874999 0.2571169828125 0.8030825171875 0.22460712031250002 0.788719478125 0.21200184375000003 0.8341673484375001 0.2011151046875 0.8139975843749999 0.19198992343750002 0.8391198484375 0.27284128750000003 0.88463503125 0.316908121875 0.8876469218749999 0.3283577015625 0.84333416875 0.22746841093749998 0.836612009375
2 0.0261411703125 0.3686031078125 0.013476640625 0.4631621078125 0.0179108671875 0.6155565953125001 0.3314252421875 0.8359123171875 0.34567168125 0.8197151296875 0.334119128125 0.5951834125000001 0.0261411703125 0.3686031078125
2 0.3531516453125 0.5059467421875 0.3896484890625 0.43923727812499996 0.43705355 0.3992898984375 0.4650394828125 0.329917409375 0.3524213953125 0.2818078234375 0.1254666828125 0.251206278125 0.08545979218750001 0.30813645 0.031812265625 0.329965925 0.027674940624999998 0.36489217812499997 0.2294620546875 0.4995740984375 0.269284171875 0.5045506343749999 0.3531516453125 0.5059467421875
2 1 0.5220436796875 0.798228 0.46560197968750006 0.6414356875 0.38151889687499996 0.643961859375 0.44517187812500003 0.6645796374999999 0.4866465171875 0.789162775 0.64865905625 0.8825550390625001 0.7266744218750001 0.979328484375 0.77491515625 1 0.6301581203125 1 0.5220436796875
2 0.6789593593750001 0.27412039374999997 0.65282083125 0.3174291828125 0.651480365625 0.380471 0.7858074890625 0.4491431421875 0.8159415250000001 0.44599944531249996 0.7995899453125 0.4091524796875 0.8033277156249999 0.370209721875 0.8761066265625 0.1708675859375 0.89714543125 0.222951053125 0.9344413734374999 0.1642746046875 0.9419598796875001 0.099573725 0.9754750937500001 0.06665540156250001 0.795048953125 0.082941771875 0.734488721875 0.118174259375 0.68063494375 0.1953181234375 0.6789593593750001 0.27412039374999997
2 0.552694653125 0 0.5201607671875 0.048717171875 0.5002861859375 0.11673617968750001 0.483693928125 0.24325655156249998 0.5012656437499999 0.29874536093750004 0.5433347234375 0.28167470781250004 0.5632522546875001 0.226840340625 0.5948341484374999 0.19361643281250002 0.6377452875 0.197763434375 0.759535984375 0.0957775484375 0.886520846875 0.0460062828125 0.5717499515625 0 0.552694653125 0
2 0.1653682421875 0 0.2547329328125 0.07133487031249999 0.3278725453125 0.219945059375 0.34256149062499996 0.22094902031250002 0.3586982921875 0.1918727703125 0.3493668046875 0.174584403125 0.373279846875 0.1599151265625 0.37201676093749997 0.1280886390625 0.3098283171875 0.0194251765625 0.2909587953125 0 0.1653682421875 0
2 0.0810109640625 0 0.051093990624999995 0.198599515625 0.2078218671875 0.2629056359375 0.2792903109375 0.25443523125 0.2995214828125 0.1772480890625 0.2559101046875 0.0767920765625 0.160883325 0 0.0810109640625 0
2 0.29362955 0 0.3284483375 0.040817271875 0.4268629421875 0.1183086828125 0.454513759375 0.0646966484375 0.43485151875000005 0 0.29362955 0
2 0.9625388140625001 0.48498417656250004 0.974095784375 0.47363303593749995 0.9527433406249999 0.4439023390625 0.937775178125 0.35719820156250004 0.947476209375 0.25067316093750003 0.9670156734375001 0.19841461093749999 0.9433303578125001 0.16436182500000002 0.842492553125 0.292061896875 0.8223687671875 0.40221064531249995 0.842316309375 0.4752061890625 0.9711141546875 0.5074241671874999 0.9625388140625001 0.48498417656250004
2 0.023172826562500002 0.7963983828125001 0.026708546875 0.9179132328125 0.2974330953125 0.9596824390625001 0.297325703125 0.9267208328125 0.203177296875 0.8538570906249999 0.023172826562500002 0.7963983828125001