0 0.5808085078125 1 0.3675392515625 0.97652675625 0.214118384375 0.9711637359375 0.141212928125 0.9822864093750001 0.078268053125 0.972273990625 0.052695226562499996 1 0.5808085078125 1
0 0.8120593843749999 1 0.8938699828125 0.9871132109375 0.9279203 0.9531490249999999 0.8573654796874999 0.915528240625 0.75973401875 0.9121154109375 0.7148141546875 0.92812240625 0.6653621515625 0.8990513953124999 0.5114413578125 0.8721876234374999 0.13110334375 0.847174271875 0.0111937421875 0.8595833953125 0.0125117328125 0.9162672031250001 0.03184840625 0.9237787265625 0.5411085296875 0.9493926593750001 0.646622628125 0.9921415421875001 0.7041708421874999 1 0.8120593843749999 1
0 0.1723545734375 0.8232269343749999 0.2836152515625 0.8134450140625 0.2827971875 0.7782619656249999 0.2543116609375 0.7518768890625 0.17837384375 0.7824238171875 0.1676860859375 0.772285084375 0.129512665625 0.7787627859375 0.137888903125 0.7644078999999999 0.115383521875 0.7704567828125 0.0800606640625 0.749691775 0.022914143749999998 0.7642948625 0.027355390624999996 0.8054636390625 0.08522907187499999 0.8221343765625001 0.0884886734375 0.81248319375 0.1723545734375 0.8232269343749999
0 0.9070320640625 0.8039889328125 0.840054978125 0.770399259375 0.676628075 0.7842167203125 0.5714321140624999 0.7551501328125 0.43879593124999994 0.74465459375 0.426796515625 0.75302375 0.43001699374999997 0.8166096484375001 0.5697177515625 0.8312581890624999 0.66803093125 0.8639902296875 0.8073226546875001 0.861047246875 0.8208609734375001 0.843943271875 0.898928515625 0.83007150625 0.9070320640625 0.8039889328125
0 0.8974224062499999 0.690377553125 0.8269584828125 0.65666599375 0.6879394453125001 0.67133665625 0.6283905171875 0.6575369 0.42964075468749996 0.6505893515625 0.425842109375 0.7119768609375 0.5741917890625 0.723998196875 0.6481425484375001 0.75783164375 0.756189078125 0.7596555203124999 0.7973948625 0.7337535703125 0.8600216015625 0.7300836890625 0.896156190625 0.710840053125 0.8974224062499999 0.690377553125
0 0.2649867609375 0.61163223125 0.28409619531249997 0.6093706890624999 0.2816028828125 0.577058615625 0.277343434375 0.5437082921874999 0.2094182625 0.5442634203125001 0.234598746875 0.5783450625000001 0.262538896875 0.5812747734375 0.2649867609375 0.61163223125
0 0.7816295921874999 0.655081465625 0.9168436515625 0.6266066125 0.978697775 0.589708296875 0.897864234375 0.5595403046875 0.591567875 0.57226963125 0.43085519687499996 0.5529805375 0.4237060546875 0.6201100015625001 0.7816295921874999 0.655081465625
0 0.9257589390625001 0.5605153984375 0.9895609921874999 0.532473790625 0.987476715625 0.5177532390625 0.94137520625 0.482940275 0.7705656000000001 0.478922434375 0.619995296875 0.446316709375 0.428037425 0.43179447812499994 0.4195702921875 0.4422401359375 0.4280891984375 0.508940784375 0.52042223125 0.5092388609375 0.5383108984375 0.5293944374999999 0.5697833375 0.53440064375 0.64626653125 0.5273090859375 0.69549129375 0.5466070249999999 0.9257589390625001 0.5605153984375
0 0.034291103125 0.35455725625 0.05734185625 0.3719637390625 0.099229359375 0.3753809921875 0.1198777 0.36438463125 0.1479996421875 0.375132796875 0.14768150625 0.3614504984375 0.1688752234375 0.37390950156249997 0.16860253593750002 0.36218181875 0.2112172046875 0.3968728953125 0.2704025484375 0.395035746875 0.2722532640625 0.32479153125 0.212749778125 0.312946384375 0.2287359609375 0.3261998671875 0.1887055 0.3277300875 0.17095317031249999 0.3134383578125 0.1521164234375 0.3274275859375 0.164615765625 0.340559175 0.1106379515625 0.34160185468750004 0.1231827421875 0.3566880609375 0.1017617875 0.33445598906249996 0.09175575625 0.3536364640625 0.059828837499999996 0.329084115625 0.034291103125 0.35455725625
0 0.985295215625 0.423931771875 0.9352978375 0.3714053953125 0.7714164546875 0.365676715625 0.701134321875 0.3397836125 0.41647983125000004 0.3093263890625 0.423414384375 0.3828072390625 0.5315518109374999 0.388540346875 0.5737574484375 0.40563990156249996 0.6642334421875 0.4009905015625 0.7173540703125 0.43800185156250004 0.8048886062499999 0.4566859359375 0.9266552406249999 0.44922429375000006 0.985295215625 0.423931771875
0 0.2576696421875 0.2969393859375 0.2801750203125 0.29089050156249996 0.2803959296875 0.22547187968750002 0.27278598125000003 0.19786351093750001 0.112755021875 0.20789362812499998 0.028850004687500003 0.27038696562500003 0.10112551562500001 0.3070913890625 0.2576696421875 0.2969393859375
0 0.7929611015625 0.24338924374999998 0.6909792890625 0.202716859375 0.4137529546875 0.1920495515625 0.42412890000000003 0.263697675 0.6714671484375 0.262578571875 0.6808432390625 0.2912251921875 0.77055294375 0.32853904843750004 0.9344343281249999 0.334267728125 0.9505959703125001 0.2801479734375 0.929311359375 0.263779740625 0.7929611015625 0.24338924374999998
0 0.27096806406249996 0.11967895312500001 0.21852915468749998 0.1119868109375 0.149065084375 0.12127675468750002 0.152779159375 0.13117171249999998 0.1107553125 0.12189061406249999 0.05401783125 0.154085225 0.1428640234375 0.1542614203125 0.15653868906249999 0.14302128281249998 0.1990170140625 0.1718485203125 0.20920483750000002 0.160486496875 0.2164966484375 0.1744125703125 0.2688446671875 0.1781954859375 0.27096806406249996 0.11967895312500001
0 0.8596073984375 0.11291323125 0.7238025109375 0.11597810156249999 0.5629989359375001 0.092779784375 0.4117532453125 0.10604653906249999 0.41850600625 0.171708934375 0.6169376343749999 0.16497418749999998 0.7502555375 0.204788934375 0.9275388906250001 0.1875497953125 0.9442459171875001 0.15688540625 0.891079834375 0.117919440625 0.8596073984375 0.11291323125
0 0.2813831328125 0.11808999843750001 0.2567025765625 0.1055091109375 0.041336690625 0.133135175 0.0008798937499999999 0.1512409984375 0.0009773421875 0.1679908875 0.01317563125 0.1956240890625 0.0675170296875 0.2102183265625 0.276227375 0.1960307828125 0.2813831328125 0.11808999843750001
0 0.050738090624999996 0.46254856718750004 0.1681152578125 0.4910644515625 0.2867131953125 0.49716321875 0.28815487812499996 0.409327478125 0.0650881484375 0.4054359484375 0.050738090624999996 0.46254856718750004
0 0.1905360671875 0.5562980343749999 0.1622323328125 0.5377314109375 0.0268819296875 0.5603424203125 0.03327110625 0.6103679046875 0.0736651546875 0.6244745953125 0.185243965625 0.6283749734375 0.1905360671875 0.5562980343749999
0 0.2155928578125 0.734899221875 0.28143375000000004 0.71962354375 0.29374497499999996 0.649744990625 0.26910986875 0.6391187125 0.14376549375 0.64254924375 0.011901924999999999 0.6652821390625 0.00810328125 0.726669646875 0.2155928578125 0.734899221875