2 0.4169146578125 0.613152809375 0.351054653125 0.62680055625 0.3169739640625 0.65772885625 0.280308596875 0.8175812703125 0.3341733609375 0.900663703125 0.35971084375 0.894152303125 0.417983653125 0.8350416656249999 0.45657494375 0.77443496875 0.456665325 0.6778199984375 0.44427724375000005 0.6232481187500001 0.4169146578125 0.613152809375
2 0.5699605375 0.797190015625 0.46818778281249995 0.70565670625 0.4487044203125 0.8096873390624999 0.521000946875 0.8656069093750001 0.5699605375 0.797190015625
2 0.451575903125 0.6597992859375 0.5374129328125 0.776061975 0.6527192265624999 0.8084357531249999 0.6846862734375 0.7519890218749999 0.681131671875 0.7117876265625 0.5422016359375 0.576041321875 0.47720551093749997 0.5865485796875001 0.4500376046875 0.6222286390625 0.451575903125 0.6597992859375
2 0.533366415625 0.531795175 0.556411340625 0.5874685859375 0.7130048625 0.692204534375 0.800755628125 0.6985833015625 0.8174561578124999 0.6179500921875001 0.7762662703125 0.5684756046875 0.714339784375 0.534621503125 0.590297346875 0.51076491875 0.533366415625 0.531795175
2 0.54565194375 0.47385238125000007 0.5808885265625 0.5084466421875 0.80036279375 0.5472812421875 0.90116910625 0.529440371875 0.9063523874999999 0.510597440625 0.8759149515625 0.45523650625 0.7761619734375 0.426085265625 0.5676365640625 0.4570152515625 0.54565194375 0.47385238125000007
2 0.8091823609375 0.32264642499999996 0.75426599375 0.316431765625 0.72901705 0.3318548875 0.751962890625 0.3347649546875 0.70213594375 0.3465710078125 0.8032308015625 0.3376418609375 0.8091823609375 0.32264642499999996
2 0.5233753 0.42202646250000003 0.540273984375 0.44691994218750003 0.5816533265625 0.45254281093750004 0.7350711703125 0.4293741265625 0.8260845218749999 0.40729123281249996 0.8798467296875 0.3778589953125 0.8771577484374999 0.364392775 0.6922473859375 0.34931696875 0.5392154234375 0.40428506249999996 0.5233753 0.42202646250000003
2 0.45444042968750004 0.3904085765625 0.4992770390625 0.41334515937500005 0.6592217796875001 0.3631288203125 0.701943009375 0.33067130312500004 0.6983884078125 0.290469909375 0.6413583984375 0.2587368171875 0.5509203890625 0.268767496875 0.45846955312500004 0.33591875 0.45444042968750004 0.3904085765625
2 0.41612203125 0.1910460359375 0.352858878125 0.2848993078125 0.3808976234375 0.3655814140625 0.4391739078125 0.3662221015625 0.4694131953125 0.31605634375 0.5537032281250001 0.24537007187499998 0.5720376500000001 0.195319528125 0.51270280625 0.15204396250000002 0.46085955624999997 0.1612192671875 0.41612203125 0.1910460359375
2 0.22640904375 0.13698558125 0.2008715625 0.143496978125 0.1737053953125 0.2090526984375 0.1925265171875 0.2734405734375 0.2678005671875 0.3517380859375 0.3408636375 0.3816294859375 0.381665903125 0.369428903125 0.3505557765625 0.30323249531249996 0.35928844375 0.23496397343750003 0.29371175781250003 0.16789645625 0.22640904375 0.13698558125
2 0.747462728125 0.54369733125 0.8268649781249999 0.6202683640625 0.90443864375 0.6204813671875 0.902323271875 0.565087271875 0.8756316265624999 0.5359517671875 0.747462728125 0.54369733125
2 0.9359189984375 0.4495962140625 0.876007071875 0.388497196875 0.779906034375 0.4224350390625 0.9101903124999999 0.47008357343749996 0.9359189984375 0.4495962140625
2 0.6700646015625 0.26062740624999997 0.70952673125 0.31638286875 0.8339515640625 0.3122875375 0.8867525546874999 0.2631081 0.8030326421874999 0.2321151703125 0.6700646015625 0.26062740624999997
2 0.6106358984375 0.25421547968749997 0.6318522375 0.23353086250000002 0.664392884375 0.1351562546875 0.57280245625 0.1394156953125 0.5421772890625001 0.157782040625 0.578086553125 0.20321177499999998 0.520006684375 0.2782221171875 0.6106358984375 0.25421547968749997