2 0.6123046875 0.0938708140625 0.640625 0.071706871875 0.5947265640625 0.0026075203125 0.3291015640625 0 0.2832031234375 0.0404165984375 0.2636718765625 0.105604665625 0.2734374984375 0.1342874125 0.3310546875 0.083440721875 0.3466796875 0.09908585625 0.4873046875 0.0677955875 0.6123046875 0.0938708140625
2 0.5556640625 0.07561815468750001 0.4404296875 0.073010628125 0.2724609375 0.1434137421875 0.265625 0.16818520625 0.287109375 0.17861529375000001 0.4677734359375 0.135591175 0.5830078109375 0.1434137421875 0.5976562515625 0.10038961875 0.5556640625 0.07561815468750001
2 0.6640625015625 0.2359807890625 0.6279296875 0.17470401093750001 0.5830078109375 0.1460212625 0.4482421890625 0.1408062171875 0.2822265640625 0.19034914375 0.2519531234375 0.228158221875 0.25 0.2724861078125 0.2695312515625 0.275093628125 0.3369140625 0.24510711875000002 0.4736328109375 0.229461984375 0.5849609375 0.24771464375000002 0.6640625015625 0.2359807890625
2 0.5751953125 0.24771464375000002 0.4970703125 0.2320695046875 0.3330078109375 0.24771464375000002 0.2841796875 0.2711823453125 0.255859375 0.3089914234375 0.2568359375 0.34940802031249996 0.2890625015625 0.35071178281250004 0.4482421890625 0.30768765937500003 0.6064453125 0.318117753125 0.6171874984375 0.2829161953125 0.5751953125 0.24771464375000002
2 0.5908203125 0.318117753125 0.4443359375 0.3102951859375 0.3017578109375 0.35201554687500003 0.2675781234375 0.40807727812500005 0.3203125015625 0.4263299375 0.6240234359375 0.406773515625 0.6425781234375 0.3846095765625 0.6240234359375 0.3363704078125 0.5908203125 0.318117753125
2 0.6357421890625 0.4145960875 0.5361328109375 0.406773515625 0.3212890625 0.42763370156249997 0.2265625015625 0.49673304687500003 0.2373046875 0.5162894640625 0.3242187484375 0.530630840625 0.4775390625 0.49542928281250004 0.6259765640625 0.5058593765625 0.6992187484375 0.4706578203125 0.6357421890625 0.4145960875
2 0.6855468765625 0.58017376875 0.6445312515625 0.5228082734374999 0.6582031234375 0.5175932265625 0.6474609375 0.5032518500000001 0.4169921890625 0.5058593765625 0.2919921890625 0.5554023046875 0.2324218765625 0.627109175 0.228515625 0.6505768765625 0.2421874984375 0.6557919234375 0.4306640625 0.5788700046875 0.5966796875 0.5788700046875 0.6572265640625 0.6284129328125 0.6855468765625 0.58017376875
2 0.6992187484375 0.65839944375 0.5966796875 0.58147753125 0.4248046875 0.58147753125 0.2802734359375 0.644058071875 0.2480468765625 0.687082190625 0.2460937484375 0.720979984375 0.2949218765625 0.7314100765625 0.3935546875 0.6988160406249999 0.6142578109375 0.7066386140625001 0.6845703125 0.6936009999999999 0.6992187484375 0.65839944375
2 0.5712890625 0.7014235671875 0.3935546875 0.7014235671875 0.3291015640625 0.7196762265625 0.2763671890625 0.7509664953125 0.2324218765625 0.8122432734375 0.2939453125 0.8239771234375001 0.3203125015625 0.809635753125 0.3076171890625 0.790079334375 0.3388671890625 0.777041721875 0.4892578109375 0.7666116281249999 0.6474609375 0.79268685625 0.677734375 0.8226733656249999 0.7158203125 0.8187620828125001 0.7109374984375 0.788775571875 0.6474609375 0.7274987937499999 0.5712890625 0.7014235671875
2 0.6240234359375 0.8109395156250001 0.5712890625 0.8213696031250001 0.5751953125 0.8005094234374999 0.5537109375 0.8161545562500001 0.2998046875 0.8291921703125 0.2363281234375 0.9061140875 0.2431640625 0.933493071875 0.3242187484375 0.9374043562500001 0.4560546875 0.9152404171875 0.740234375 0.9191517015624999 0.6826171890625 0.8396222625 0.6240234359375 0.8109395156250001
2 0.3017578109375 0.943923165625 0.2617187484375 0.9817322421875 0.2646484359375 0.9986811390625 0.6425781234375 0.9973773765624999 0.6904296875 0.977820959375 0.703125 0.9478344484375001 0.4580078109375 0.9178479375 0.3017578109375 0.943923165625
2 0.7783203125 0.9986811390625 1 0.9973773765624999 0.9990234359375 0.95174573125 0.7744140625 0.943923165625 0.7636718765625 0.9608720625 0.7783203125 0.9986811390625
2 0.7841796875 0.9361005984374999 1 0.9478344484375001 0.9951171890625 0.8187620828125001 0.8076171890625 0.8396222625 0.775390625 0.8956839953125 0.7841796875 0.9361005984374999
2 0.712890625 0.65839944375 0.7763671890625 0.7353213609375 0.8330078109375 0.7327138343749999 0.9150390625 0.8083319890625 1 0.809635753125 0.9990234359375 0.6988160406249999 0.8525390625 0.690993475 0.7724609375 0.6362355046875 0.712890625 0.65839944375
2 0.7792968765625 0.491518 0.7734374984375 0.564528634375 0.8369140625 0.6727408203125 0.984375 0.6949047578124999 1 0.6922972374999999 0.9990234359375 0.6258054125 0.8896484359375 0.5893000984375 0.7792968765625 0.491518
2 0.9960937484375 0.6192866078125 0.9990234359375 0.5241120312499999 0.8203125015625 0.51498570625 0.9033203125 0.59451514375 0.9960937484375 0.6192866078125
2 0.7792968765625 0.431544984375 0.796875 0.4706578203125 0.9990234359375 0.4537089234375 1 0.3846095765625 0.8076171890625 0.3989509484375 0.7792968765625 0.431544984375
2 1 0.217728134375 0.9462890625 0.1877416234375 0.8095703125 0.21381685 0.7421874984375 0.2672710625 0.697265625 0.35071178281250004 0.708984375 0.37417948437500004 0.7939453125 0.31290270625 0.8857421890625 0.2763973921875 0.9990234359375 0.30247261875000003 1 0.217728134375
2 0.8681640625 0.10169338125 0.8662109375 0.117338515625 0.7412109375 0.1486287828125 0.7382812515625 0.199475475 0.7675781234375 0.207298040625 0.8662109375 0.1590588765625 0.9970703125 0.15384382968750002 1 0.09778209843749999 0.8681640625 0.10169338125
2 0.8564453125 0.005215046875 0.7109374984375 0.084744484375 0.7119140625 0.117338515625 0.7539062515625 0.1238573203125 0.8662109375 0.083440721875 0.9990234359375 0.08865576875 1 0.0013037625000000001 0.8564453125 0.005215046875
2 0.0009765640625 0.9908585671875001 0.166015625 0.9973773765624999 0.2226562515625 0.968694628125 0.1337890625 0.8917727109375001 0 0.8696087734375 0.0009765640625 0.9908585671875001
2 0.0009765640625 0.7327138343749999 0 0.8461410671875 0.0507812515625 0.8487485921875001 0.1376953125 0.8422297828125 0.146484375 0.820065840625 0.08300781093750001 0.753574015625 0.0009765640625 0.7327138343749999
2 0.0009765640625 0.7301063140624999 0.1992187484375 0.7731304375 0.1943359375 0.7274987937499999 0.0439453125 0.631020459375 0 0.6297166953125 0.0009765640625 0.7301063140624999
2 0 0.5254157937499999 0.0009765640625 0.6153753203125001 0.09179687656249999 0.6323242171875 0.1904296875 0.6127677984375001 0.2011718765625 0.5619211078124999 0.1162109375 0.5319345984375 0 0.5254157937499999
2 0 0.39243214375 0.0009765640625 0.5188969890624999 0.1806640625 0.52671955625 0.21875 0.5514910203125 0.2226562515625 0.5019480921875 0.1513671890625 0.4172036078125 0.08300781093750001 0.39112838125 0 0.39243214375
2 0.0009765640625 0.34940802031249996 0.193359375 0.36374939687499996 0.2167968765625 0.3428892171875 0.1181640625 0.2894350046875 0 0.280308675 0.0009765640625 0.34940802031249996
2 0 0.1864378609375 0.0009765640625 0.273789865625 0.1679687484375 0.2881312421875 0.21875 0.2698785828125 0.1748046875 0.2007792375 0.1025390625 0.17991905625 0 0.1864378609375
2 0.0009765640625 0.17991905625 0.1601562515625 0.183830340625 0.1699218765625 0.1577551140625 0.1455078109375 0.117338515625 0 0.11342723125000001 0.0009765640625 0.17991905625