4 0.22111927343749999 0.35532214687499997 0.2519579796875 0.32700408125 0.2514804671875 0.2915022609375 0.15643698125 0.2950264171875 0.126401325 0.3351367125 0.1395803890625 0.351391434375 0.22111927343749999 0.35532214687499997
4 0.373021865625 0.22440845 0.305723084375 0.198498925 0.2954306921875 0.2531227328125 0.3425762375 0.25533310781249996 0.3715339640625 0.246877296875 0.373021865625 0.22440845
4 0.3752912296875 0.3558642484375 0.4245926375 0.29476563906250003 0.3928495609375 0.271817190625 0.350353459375 0.2745697734375 0.2978905078125 0.30823658125 0.31035095 0.34559429375 0.3752912296875 0.3558642484375
4 0.099471859375 0.531653140625 0.144736425 0.5537257671875 0.1668550671875 0.590457896875 0.20200080156250003 0.5842333328125 0.286773475 0.49320056718750005 0.2175430578125 0.4674161578125 0.106720909375 0.49565084531250003 0.099471859375 0.531653140625
4 0.21807592968749998 0.37394366562500003 0.1912355921875 0.45464385781249994 0.22718437656249998 0.460211528125 0.3148774921875 0.45321538749999996 0.36458886874999996 0.4013024203125 0.3374276921875 0.35700074375 0.23966640312499998 0.3554368296875 0.21807592968749998 0.37394366562500003
4 0.185799978125 0.4444677125 0.2127416359375 0.40324179375 0.20067427499999999 0.368490671875 0.140793409375 0.37236931093750003 0.0949453125 0.42403205 0.1150985484375 0.44773120312500003 0.185799978125 0.4444677125
4 0.27555513125000003 0.638690284375 0.31509231875 0.6874544484375 0.3657249484375 0.6933870328125 0.427795446875 0.6393575031250001 0.42954133906249997 0.56686288125 0.3012668765625 0.5699074421875 0.273162859375 0.6098926234375 0.27555513125000003 0.638690284375
4 0.5283974453125 0.543351353125 0.5588430703125 0.5124266921875 0.5533061406249999 0.462776271875 0.50568308125 0.425064078125 0.42923738437500003 0.4484400578125 0.4028070171875 0.5383258921875 0.5283974453125 0.543351353125
4 0.3916440296875 0.5548412828125 0.4085006203125 0.4984762640625 0.381339446875 0.45417458593750004 0.3307237015625 0.4548210453125 0.29832954843750004 0.47929177031250003 0.31707931562499997 0.5583550046875 0.3916440296875 0.5548412828125
4 0.077022978125 0.6673420640625001 0.0805776078125 0.6973804625 0.180354971875 0.7317144890625 0.261691221875 0.6566966484375001 0.26157301718750003 0.610643328125 0.1753509140625 0.58859156875 0.1294183875 0.6073590765625 0.077022978125 0.6673420640625001
4 0.098625640625 0.8041257343750001 0.0907592890625 0.9007052953124999 0.1445196953125 0.9209116015625 0.2401973671875 0.8633892187500001 0.25078152343750004 0.7718977312499999 0.21979084062499998 0.7410043749999999 0.1753631 0.7438820749999999 0.098625640625 0.8041257343750001
4 0.346425425 0.7012172546875 0.297415784375 0.7254481828125 0.26237136875 0.7711470265625 0.24862566562500002 0.8352067125 0.24987245625 0.8693426750000001 0.282794784375 0.9001109125 0.49146265624999996 0.90633536875 0.4860148515625 0.7408687171875 0.43799871250000005 0.7005499281249999 0.346425425 0.7012172546875
4 0.5276741296874999 0.7131658062499999 0.49683541875000004 0.7414838687499999 0.49090070625 0.8379383140625001 0.518370534375 0.8519513562500001 0.5292755312499999 0.8854617375 0.5525058828125 0.9036974687500001 0.634404075 0.8970766812500001 0.69808068125 0.866631621875 0.6691276515625 0.7263759671875001 0.5276741296874999 0.7131658062499999
4 0.43766098593749997 0.5689690078125 0.4346682984375 0.6073276625 0.46148705312500005 0.6687598828125 0.48746898125 0.7052417765625 0.5203237609375 0.7096938234375 0.6307697125 0.6854315890625 0.6587724125000001 0.6059721359375 0.5991664250000001 0.566404046875 0.43766098593749997 0.5689690078125
4 0.7294184875 0.7316829703125001 0.6888709140625 0.7408894796875 0.72370799375 0.7649535515625 0.7280150187500001 0.78704705 0.8297915671875 0.8475721437500001 0.9087862078125 0.7634937749999999 0.843250209375 0.6716686734375 0.7829762578125 0.6729407203125 0.7294184875 0.7316829703125001
4 1 0.6441973984375 0.9180222546874999 0.59839204375 0.860157459375 0.6350407953125 0.86878839375 0.6858068375 0.9318814671875 0.7290971390625 0.9685995281249999 0.7332989546875 1 0.72351921875 1 0.6441973984375
4 0.78299784375 0.53080830625 0.638057234375 0.5138759281249999 0.6084146578125 0.5565928203125 0.7515924890625 0.6394407734375 0.8133374515625 0.6091208359375 0.78299784375 0.53080830625
4 0.9052409718750001 0.43603245468749996 0.8291208171875001 0.435698846875 0.7669996546875 0.469991234375 0.770144315625 0.49084399375 0.8092208781249999 0.5106853796874999 0.82398915625 0.5439455265625 0.848331209375 0.5436848578125 0.9181789312499999 0.5088919953125 0.9307960453125 0.45674966250000004 0.9052409718750001 0.43603245468749996
4 0.57221258125 0.4523394640625 0.5718701578125 0.46946999843750004 0.5927588953125 0.47864520937500005 0.58277515625 0.50298038125 0.629954471875 0.5183488484375001 0.715682178125 0.49831973124999995 0.7101283625 0.44209026875 0.6358891843750001 0.42189440468750006 0.57221258125 0.4523394640625
4 0.5132576671875 0.36535219531249996 0.41816352500000004 0.3491392140625 0.4094096921875 0.40103131249999996 0.465494821875 0.42371909218750003 0.5195638796875001 0.41363676250000003 0.5132576671875 0.36535219531249996
4 0.7585760578125 0.34946228437500004 0.764269659375 0.3096126546875 0.73056116875 0.2736312359375 0.6733643390624999 0.269439853125 0.6506283890625 0.29328499531249996 0.67625100625 0.3403183828125 0.7585760578125 0.34946228437500004
4 0.9073124031249999 0.3398282453125 0.9044932796875 0.2952658984375 0.878152040625 0.2693354984375 0.7950577109375 0.2615574546875 0.7676723156249999 0.2804396421875 0.83697028125 0.3325402375 0.9073124031249999 0.3398282453125
4 0.6813779671875 0.380783165625 0.670456084375 0.340693734375 0.61713941875 0.34283116874999997 0.6491573749999999 0.322332890625 0.6378761828124999 0.292794959375 0.5590382171875 0.287373278125 0.5370546609375 0.303273515625 0.5303844421874999 0.41425191093749997 0.577204453125 0.4401718703125 0.6717704203125 0.4011458890625 0.6813779671875 0.380783165625
4 0.7629890984375 0.2623186 0.8004257796875001 0.24541741718750001 0.8123242734374999 0.21437807812499998 0.7322564015624999 0.181399471875 0.6817250890625 0.2149411609375 0.6833480796875 0.245104678125 0.7629890984375 0.2623186
4 0.5062497265625 0.34474967031250003 0.5382001359374999 0.29793521093750003 0.5149360140625 0.2665413859375 0.4558075421875 0.26247512500000003 0.43425083906250006 0.29414005312499997 0.461018934375 0.3358351359375 0.5062497265625 0.34474967031250003