2 0.2640765390625 0.3124272421875 0.3996199234375 0.29445039375 0.41283094218749994 0.2612498296875 0.36251660625 0.20302618749999998 0.32857630000000004 0.199578021875 0.2437930796875 0.24747080625 0.23260939687499999 0.29635168749999996 0.2640765390625 0.3124272421875
2 0.3967997234375 0.44311696562499997 0.4198206328125 0.4406637171875 0.4194575546875 0.3877145375 0.26023972500000003 0.312836115625 0.23847354531249998 0.3116231296875 0.23481826875 0.33850659375 0.28900572812499997 0.401616278125 0.3967997234375 0.44311696562499997
2 0.2775417171875 0.3162911015625 0.4123023640625 0.370814415625 0.43392330625 0.35084773281250003 0.43119599375 0.326410703125 0.4072935578125 0.2936326453125 0.2775417171875 0.3162911015625
2 0.26062897500000004 0.46292693125 0.3345915859375 0.51686420625 0.4044632265625 0.5341459359375 0.4215473703125 0.5058314109375 0.41930219218750003 0.4583815890625 0.29608830468749997 0.40792656562499996 0.236845603125 0.3541869125 0.2274350953125 0.3816836828125 0.26062897500000004 0.46292693125
2 0.2281452109375 0.2985936859375 0.24696622499999998 0.243600134375 0.3546977375 0.1826642671875 0.326668025 0.107935746875 0.23082018125 0.1287474453125 0.20428922031250002 0.1792638265625 0.20553382187499997 0.26744430625 0.2281452109375 0.2985936859375
2 0.28057553281250003 0.572075828125 0.39980736875 0.6017600578125 0.40541736406249995 0.579967071875 0.382105990625 0.5400609796875 0.3179169609375 0.5115761062499999 0.27829404375 0.51933109375 0.269547215625 0.550289665625 0.28057553281250003 0.572075828125
2 0.27290189374999996 0.572893578125 0.265409796875 0.600185915625 0.2886848625 0.6347970921874999 0.3426181703125 0.66084235 0.39515150781249997 0.66937418125 0.40854406406250005 0.6626481984375 0.40327097343749996 0.6402487265625 0.3639486515625 0.5985163296875 0.3004233015625 0.5734932578125 0.27290189374999996 0.572893578125
2 0.3243156 0.6981180296875 0.39750561093750003 0.73270875625 0.43971061562499997 0.728211134375 0.4369106828125 0.693184265625 0.2983858359375 0.6496596593749999 0.3243156 0.6981180296875
2 0.43887553593749995 0.6064280281250001 0.45392221250000003 0.65427990625 0.507964440625 0.6962099187499999 0.5776182328125 0.6817221375 0.5887656109375 0.627546340625 0.5541908531249999 0.6091361 0.5017009015625 0.6226943828125 0.4572144140625 0.5744472640625 0.43887553593749995 0.6064280281250001
2 0.6247796906249999 0.5601230187499999 0.53896971875 0.5516048265625 0.468170115625 0.585643596875 0.5112929484375 0.621672196875 0.6072134124999999 0.6114503296875 0.6244064796875 0.599020559375 0.6247796906249999 0.5601230187499999
2 0.5833211140625 0.48682555625 0.5594912937500001 0.464637334375 0.5121947390625 0.4732100640625 0.44593194062499997 0.5155966765625 0.44109453906249996 0.5567362109375 0.4930005140625 0.56710115625 0.5833211140625 0.48682555625
2 0.54865465 0.37747904062500004 0.5133143765625 0.356517440625 0.46609043906250003 0.3756800109375 0.42516633906249995 0.4736530265625 0.4305483578125 0.5119372609374999 0.4580334515625 0.5072420156249999 0.54865465 0.37747904062500004
2 0.714043134375 0.6989765984375 0.6804760390625 0.656630890625 0.59296550625 0.680086640625 0.581781821875 0.728967521875 0.5906899234375 0.9081769734374999 0.6349425296875 0.735666234375 0.714043134375 0.6989765984375
2 0.7907330640625 0.777350903125 0.7153704828125 0.7059001921875 0.6336877921874999 0.7393324703124999 0.607737759375 0.8745675328125 0.6263671015625001 0.8849461109375 0.670718496875 0.8201668421875 0.7166877015625001 0.8046705109375001 0.7481911546875 0.8260409796875001 0.8115611406250001 0.9217311031250001 0.8293815765625 0.907468215625 0.8265453390624999 0.8671464312499999 0.7907330640625 0.777350903125
2 0.8285956421874999 1 0.8246894109375 0.969787421875 0.7960323296875 0.8968920171875 0.7385991062499999 0.827063165625 0.673300578125 0.8234242015625 0.62197553125 0.8977779437500001 0.733497421875 0.9229850015625001 0.7734849546875 1 0.8285956421874999 1
2 0.755905990625 1 0.7653639546875 0.9973046484375001 0.701475525 0.9193323984375 0.6335949109375 0.9124360687499999 0.6266938718749999 0.93260036875 0.6921452343750001 1 0.755905990625 1
2 0.5401982796875 0.4507969515625 0.571001753125 0.463410709375 0.6531302718750001 0.40167072656249997 0.6784064953125 0.35482058437499997 0.6774886640625 0.31429435781250004 0.6339563125 0.311868384375 0.5601651078125001 0.376252415625 0.53488888125 0.4231025578125 0.5401982796875 0.4507969515625
2 0.5965321296874999 0.4536249875 0.5883763578125001 0.477455528125 0.600104659375 0.5079984078125 0.667658503125 0.4672404796875 0.7136378453125001 0.35989743125 0.744850834375 0.3389085625 0.7426419656250001 0.296753653125 0.685162303125 0.313476609375 0.6658228453125 0.38618803125 0.5965321296874999 0.4536249875
2 0.67083165 0.4633698046875 0.6314991890625 0.513484128125 0.6293164921875001 0.5684708609375 0.6792314390625 0.5684504046875001 0.67083165 0.4633698046875
2 0.7124557265625 0.37415349999999997 0.6765505671875001 0.4574615765625 0.6940239640625 0.5792378640625 0.70497966875 0.590434190625 0.7135086546875 0.5277061093750001 0.754505365625 0.44032292812499996 0.8060845656250001 0.4030336109375 0.78085478125 0.363331959375 0.7487602703125 0.3490895203125 0.7124557265625 0.37415349999999997
2 0.8054833734375 0.50200836875 0.8558804578125001 0.478975125 0.8557352234375 0.45779545625000007 0.81449449375 0.4162675 0.7621789999999999 0.4395051796875 0.714172328125 0.5311679125000001 0.7084069671875 0.6236279437500001 0.8054833734375 0.50200836875
2 0.7840701421875 0.645591275 0.8802185828125 0.575292190625 0.885610734375 0.52172970625 0.8565441328125001 0.4824369234375 0.8144117421875 0.49752437812499994 0.7407657703125 0.5830880859375001 0.7143074234375 0.6441943015625 0.7840701421875 0.645591275
2 0.8758633203124999 0.5934189390625 0.8559429375000001 0.58141168125 0.7936621875000001 0.6445690875000001 0.7209441734375 0.678812296875 0.7557296953125 0.712196840625 0.8484043984375 0.69525581875 0.8758633203124999 0.5934189390625
2 0.71002900625 0.3002290890625 0.7488430187499999 0.2678326359375 0.7517256999999999 0.22160262031250003 0.6782350890625 0.23649927656249997 0.5923525046875 0.21739124843750002 0.595116125 0.24712320000000002 0.6313016124999999 0.29802118437499997 0.71002900625 0.3002290890625
2 0.6217560109375 0.212491571875 0.6903366046875 0.2281446140625 0.7540899390625 0.193090478125 0.7570452328124999 0.1574503015625 0.73063333125 0.1320047171875 0.6217560109375 0.212491571875
2 0.6211286390625 0.2143246890625 0.727460190625 0.13587538906250002 0.73794389375 0.0782377875 0.6968483937500001 0.0578895 0.6331676749999999 0.10353347187499999 0.5817337046875 0.162002459375 0.58324259375 0.1954006484375 0.6211286390625 0.2143246890625
2 0.6553070625 0.065848925 0.71795089375 0.055640689062500005 0.71650481875 0.0375504265625 0.5798772046875 0.0303900765625 0.5614865499999999 0.10234094375 0.5669411796875 0.1512150078125 0.587416315625 0.15079931562499999 0.6553070625 0.065848925
2 0.45215326562499997 0.302982225 0.4739194390625 0.3041952109375 0.4768021203125 0.2579651953125 0.49598621249999997 0.255920821875 0.49119525781249995 0.21050855624999998 0.3588452859375 0.040921298437499996 0.3191860640625 0.043381365625 0.35790718906249996 0.1840885109375 0.45215326562499997 0.302982225
2 0.3613910640625 0.03888374375 0.4917863171875 0.20338052499999998 0.5179803703125 0.1970565984375 0.513780471875 0.1445163015625 0.43491798125000003 0.029282000000000002 0.3613910640625 0.03888374375
2 0.49167282187500005 0.02576748125 0.47832644531249996 0.0250680265625 0.438127434375 0.0307062515625 0.5228540749999999 0.1612119796875 0.5405655874999999 0.1310643375 0.49167282187500005 0.02576748125
2 0.480711553125 0.26814615625 0.47897468437499996 0.29482518281250003 0.5738945656250001 0.3253339734375 0.5806140656250001 0.2786950828125 0.5100787515625 0.25795156406249997 0.480711553125 0.26814615625
2 0.4743551359375 0.367734225 0.51906960625 0.355904128125 0.550573059375 0.377274603125 0.57160294375 0.3644359578125 0.5707940375 0.339794484375 0.480338340625 0.307043696875 0.428240696875 0.3620508859375 0.4263484609375 0.45939695625 0.4743551359375 0.367734225
2 0.4820144078125 0.83144498125 0.49256058906250005 0.8762439375 0.5829174984375001 0.801263253125 0.579754490625 0.7132872109374999 0.5033811984375001 0.7744138765625 0.4820144078125 0.83144498125
2 0.5373738515625 0.9721453171875 0.607763934375 0.971709165625 0.6121191953125 0.9535824187499999 0.5674874734375 0.8841556359375 0.5111899328125 0.8866225156249999 0.5011157515625 0.9106574953125 0.51358034375 0.9552520109374999 0.5373738515625 0.9721453171875
2 0.3604081984375 0.9221196171875 0.494287325 0.9414116296874999 0.5050978015625 0.9314282890625 0.4984247421875 0.8915153796874999 0.3620724546875 0.8848507546875 0.3604081984375 0.9221196171875
2 0.3639908625 0.8846463171875 0.40051325625 0.8913518484375 0.49126955 0.87461525625 0.47496813906249996 0.8304296140625 0.4384457453125 0.8237240874999999 0.357872559375 0.8323104578124999 0.35296254375 0.86286015625 0.3639908625 0.8846463171875
2 0.48869759999999995 0.779511178125 0.379130425 0.759394596875 0.3481715875 0.8174478890625 0.47880495468750006 0.830020740625 0.48869759999999995 0.779511178125
2 0.321541840625 0.7602328 0.32950593906250003 0.8017743906250001 0.3455531984375 0.8088956078124999 0.395587203125 0.73291319375 0.3358986703125 0.7074812421875001 0.321541840625 0.7602328
2 0.33605661875 1 0.318529965625 0.9742714953125 0.23323843906250002 0.9480354375 0.20955385468749999 0.9470268828125 0.1957880828125 0.9926504046875 0.1988327546875 1 0.33605661875 1
2 0.3020833265625 0.908906184375 0.3246322359375 0.8376190093749999 0.3187056015625 0.7199110109375 0.2593700109375 0.8392749593750001 0.199453496875 0.873920221875 0.20177129531250002 0.9319598843750001 0.2639329875 0.944764440625 0.3020833265625 0.908906184375
2 0.36225235625 1 0.365608678125 0.9339292625000001 0.3242227109375 0.8712216296875 0.2958459625 0.9325322890625 0.3446581546875 1 0.36225235625 1
2 0.21554719531250002 0.7944896406249999 0.273545303125 0.7600488140625 0.2981215421875 0.70444195 0.26794544062500003 0.68999508125 0.148485621875 0.7203880625 0.143648228125 0.7615276015625 0.17142378593750002 0.7991917 0.21554719531250002 0.7944896406249999
2 0.2919931046875 0.7439528109375 0.17850636250000002 0.8055019874999999 0.1780242265625 0.8285147734375 0.2012992921875 0.86312595 0.2409222109375 0.85537096875 0.2865283390625 0.786925459375 0.2919931046875 0.7439528109375
2 0.2135663078125 0.692257525 0.2813743046875 0.68856401875 0.2939942625 0.6624914859375 0.2365247359375 0.587367721875 0.183027121875 0.6248614765625 0.12093804374999999 0.6226467546875 0.1512956875 0.6635682125 0.2135663078125 0.692257525
2 0.16894471875 0.5309840203125 0.12245706875 0.5641982234375 0.11894701875 0.61226135625 0.17919030625000001 0.62527035 0.219259053125 0.5892076562499999 0.24350852343749999 0.4859465421875 0.23292603281250002 0.43585266562499997 0.21470621093750003 0.3918714625 0.2087230046875 0.4525619890625 0.16894471875 0.5309840203125
2 0.0424487671875 0.46851491875000006 0.0836531921875 0.50474795625 0.156552740625 0.4969793375 0.20614091874999999 0.4493046234375 0.20961465937499998 0.3959465765625 0.19353109531249998 0.38353043750000004 0.1311051140625 0.42550817656250006 0.047286165625 0.42737538124999996 0.0424487671875 0.46851491875000006
2 0.042121996875 0.42086066093749996 0.106165790625 0.42816586093750003 0.152134996875 0.4126695296875 0.19722268437499998 0.36194189374999997 0.020029046875 0.3719934109375 0.042121996875 0.42086066093749996
2 0.0712088671875 0.2764599984375 0.02066655 0.278313571875 0.0105955765625 0.30341763125 0.01101235 0.3153524265625 0.03143058125 0.35488203125 0.1696286625 0.350752384375 0.171992896875 0.322240234375 0.0712088671875 0.2764599984375
2 0.11305079062500001 0.21901320625 0.05336225625 0.19358125937499998 0.013075662499999998 0.19787444375000002 0.0073739609375 0.21116259375 0.009759512500000001 0.27947589375000004 0.0743820078125 0.272589328125 0.16358297187499998 0.309006353125 0.169784025 0.280085334375 0.11305079062500001 0.21901320625
2 0.10185106562499999 0.07890573437500001 0.039207234375 0.0891139640625 0.004476464062499999 0.12818915625 0.0072205968750000005 0.206770821875 0.0111572546875 0.19807888125 0.05269858125 0.19011945624999999 0.1321724 0.114532278125 0.10185106562499999 0.07890573437500001
2 0.06358166875 0.19072595 0.138135340625 0.2375351890625 0.172666709375 0.23385531718750002 0.169866775 0.1988284484375 0.10818721875 0.1630111046875 0.06358166875 0.19072595
2 0.136675325 1 0.15019208906249998 0.96924919375 0.1532664453125 0.8576470484375 0.099577159375 0.9605129281250001 0.10760363125000001 1 0.136675325 1
2 0.138956059375 0.8238468046874999 0.0637387125 0.773575765625 0.07896692968749999 0.8479022328125 0.138956059375 0.8238468046874999
2 0.0471468390625 0.6870307859375 0.066284490625 0.771538209375 0.12088146875000001 0.8010452734375001 0.1232457046875 0.7725331296875 0.08053239375 0.702901903125 0.0471468390625 0.6870307859375
2 0.052575295312500006 0.6387632156249999 0.0411737625 0.6558745874999999 0.141983971875 0.7987964625 0.1329931171875 0.7008438921875 0.087842953125 0.6491349750000001 0.052575295312500006 0.6387632156249999
2 1 0.7953269015625 0.898817521875 0.8612109296874999 0.9579513046875 0.8990658328125001 1 0.8827259125 1 0.7953269015625
2 1 0.6713364171875 0.9469069421875 0.6882913109375 0.9371696671875 0.6681338296875 0.9443974765625001 0.6956237875 0.9100113390625 0.720483328125 0.9187581734375 0.68952475625 0.9033745906249999 0.68586533125 0.8806078328125 0.72538300625 0.8735877359374999 0.8215092703125 0.90763696875 0.840842190625 1 0.7973480640624999 1 0.6713364171875
2 1 0.6177166703125 0.957027565625 0.577704534375 0.9020573734375 0.5870950203125 0.8312839453124999 0.7182754234375001 0.8334565093749999 0.7551354109374999 0.8624868015624999 0.7891332734375001 0.9026382984374999 0.671813703125 0.954362734375 0.6557040578125 1 0.6640830796875 1 0.6177166703125
2 1 0.431336471875 0.9909155265624999 0.38686943125 0.926052690625 0.44676947343749995 0.8666546203125 0.4636968640625 0.8674272203125 0.4830434171875 0.9036127078125 0.5339414046875001 0.9534187296875001 0.5180361984374999 1 0.47146381562500006 1 0.431336471875
2 0.921417103125 0.33069016093750003 0.856217359375 0.43478266562499995 0.9760866984375 0.3707870578125 0.9783783171874999 0.3316850796875 0.9654678999999999 0.31539826875 0.921417103125 0.33069016093750003
2 0.85102701875 0.33112630625 0.8388064468750001 0.41544293125 0.8728556749999999 0.43477584687500004 0.876402034375 0.39200763125 0.9144071374999999 0.3349697078125 0.9609674046875 0.31234534062499997 0.963259028125 0.2732433609375 0.9400202671875 0.24392710625 0.8998062906250001 0.258810125 0.85102701875 0.33112630625
2 0.8970063578125 0.2237832546875 0.8333357749999999 0.177580515625 0.76228201875 0.1745548609375 0.75670833125 0.20164275625 0.7678092671875001 0.234018759375 0.8082410890625 0.25090524375 0.8970063578125 0.2237832546875
2 0.751699528125 0.124460984375 0.7718740671875 0.173532675 0.8326720984374999 0.1741187125 0.833781603125 0.14927280781250002 0.8174075765625 0.09449733125000001 0.751699528125 0.124460984375
2 0.8063525546875001 0.042259146875 0.757291015625 0.039687940625 0.7435538890625 0.05644480625 0.747717478125 0.1036901921875 0.81416181875 0.0877781671875 0.8063525546875001 0.042259146875
2 0.8616621140625 0.0451577984375 0.8091338515625001 0.042404907812499996 0.8252627531250001 0.12015416406249999 0.8519288093749999 0.182664171875 0.8549305484374999 0.060472190625 0.8616621140625 0.0451577984375
2 0.9267716281249999 0.0485700421875 0.869864040625 0.0455876421875 0.8575126328125 0.06372955625 0.8607845656249999 0.16759035312499998 0.9318121484375 0.07347437343749999 0.9267716281249999 0.0485700421875
2 0.93184845625 0.0787692875 0.8634755734375 0.18673246875 0.9471129796875 0.15839067499999998 0.93184845625 0.0787692875
2 0.86048564375 0.8705945906249999 0.833809453125 0.899931303125 0.8298172718749999 0.971007228125 0.8401819140625 0.9893315921875001 0.8540566093749999 0.959592825 0.8847511562499999 0.956321828125 0.92658294375 0.9907217484374999 0.9534406765625001 0.9878596249999999 0.9513044171875 0.956294559375 0.9579048625000001 0.985617634375 0.9707063578125 0.9860196890624999 0.961269678125 0.9163748249999999 0.928366259375 0.877490921875 0.86048564375 0.8705945906249999
2 0.022590865625 0.558944209375 0.041137456249999996 0.6505796734375 0.0726147359375 0.574808509375 0.070442171875 0.5379485203125001 0.050449173437499994 0.515351428125 0.022590865625 0.558944209375
2 0.320622334375 0.0661897125 0.19452576875 0.061964704687500004 0.1934525734375 0.092105528125 0.23399332031250003 0.12487676875 0.26468786875 0.12160577187499999 0.32600435 0.10447394218749999 0.320622334375 0.0661897125