2 0.725533359375 0.347579421875 0.836520896875 0.3385048 0.8502356484375 0.3148033765625 0.7365206953125 0.2838495640625 0.725533359375 0.347579421875
2 0.50825675625 0.41050465 0.5886897906249999 0.4471249015625 0.6537518999999999 0.4074442796875 0.658837003125 0.3716857859375 0.6474909171875 0.36181430937500003 0.571756353125 0.36997004218749996 0.50825675625 0.41050465
2 0.405600890625 0.3305412484375 0.48100960625000005 0.3754262421875 0.5133916734375 0.30503838125 0.5215081015624999 0.1718395578125 0.45704787500000005 0.17514650468749998 0.43457095625 0.1995643453125 0.405600890625 0.3305412484375
2 0.26967408125 0.298458309375 0.33020313749999997 0.32787027812499997 0.3787842375 0.3837844453125 0.3491355265625 0.25563687343749997 0.2772494109375 0.1741394046875 0.2612267828125 0.20391997968750003 0.26967408125 0.298458309375
2 0.2670572671875 0.16122834531250002 0.3246048203125 0.2183728765625 0.37747583125 0.31516946562500003 0.3692936 0.195084165625 0.32335719531249996 0.12226414375000001 0.2688738640625 0.0943213453125 0.2670572671875 0.16122834531250002
2 0.25320998906250003 0.19770325625000001 0.23883852656250001 0.0467082546875 0.213562440625 0.0163773953125 0.1290657046875 0.02524954375 0.16441236875 0.1234789671875 0.25320998906250003 0.19770325625000001
2 0.2530774546875 0.21047674375 0.1612873640625 0.12177098906249999 0.005313075 0.0530392359375 0.0018726265624999998 0.0536249921875 0.0039861421875 0.11414817031249999 0.1160684546875 0.19615364375 0.189025790625 0.21767725468750002 0.262198378125 0.283361665625 0.2530774546875 0.21047674375
2 0.27811040625 0.3507826140625 0.26892870156250004 0.30539145 0.1925593578125 0.2232787953125 0.1178352421875 0.1989544140625 0.0431220859375 0.21684406093750003 0.15141512031249998 0.29438306718749996 0.19760561875 0.2994420953125 0.19041691249999998 0.343226525 0.27811040625 0.3507826140625
2 0.0115976421875 0.332113 0.0140501890625 0.40234475625000005 0.17343366093749998 0.335779434375 0.1946848953125 0.2996809 0.1399364984375 0.29728507187500003 0.0115976421875 0.332113
2 0.2101166078125 0.3484880203125 0.1289491640625 0.361014928125 0.0160015234375 0.40755602187499995 0.014817976562499998 0.42433133593749994 0.015397660937499998 0.440931340625 0.2087085734375 0.4192885890625 0.2648759734375 0.393097871875 0.286331484375 0.35894611875 0.2101166078125 0.3484880203125
2 0.23569065937499997 0.47991397031250005 0.2839130078125 0.4622267953125 0.2865577 0.44532094375 0.22120860000000003 0.42612049062499996 0.015535767187499999 0.4448861453125 0.016288253125 0.466434534375 0.020578434375 0.5073195125 0.076541553125 0.479182009375 0.1572396546875 0.4902552921875 0.23569065937499997 0.47991397031250005
2 0.254484565625 0.6590179078125 0.293475396875 0.6656473421875 0.2539215359375 0.5834697890625 0.163152853125 0.504497946875 0.0825872796875 0.4806511828125 0.0613968296875 0.48925596093749996 0.062489985937500006 0.513710140625 0.13919614687499998 0.5849960890625 0.2021875546875 0.6799834640625 0.254484565625 0.6590179078125
2 0.1662719140625 0.744769778125 0.2431713828125 0.77578849375 0.2966113703125 0.709569340625 0.2983671875 0.670156090625 0.2546888484375 0.66096469375 0.2208658390625 0.6755110531249999 0.1662719140625 0.744769778125
2 0.046726478125 0.7565076015625001 0.13740147656249999 0.7363311343750001 0.1805167890625 0.6699744125 0.16026502812500001 0.6313788171875 0.11414627656250001 0.6410400562499999 0.042160534374999996 0.6989581296875 0.046726478125 0.7565076015625001
2 0.030792514062499998 0.604658609375 0.077606825 0.6577720015625 0.16101040625000002 0.624445675 0.092994678125 0.5377230390625 0.04829493125 0.5187977312500001 0.0208544625 0.523986559375 0.030792514062499998 0.604658609375
2 0.3460653546875 0.4649990046875 0.28134006718750004 0.49385291875000004 0.1582610625 0.499989203125 0.23842903437500002 0.562156425 0.2851606328125 0.5583355328125 0.35511453125000003 0.5231636546875 0.3924601375 0.4720048125 0.3460653546875 0.4649990046875
2 0.37961735625 0.71456346875 0.351889890625 0.6608712265625 0.311071490625 0.678934778125 0.24982995937500002 0.7830980078125 0.31104361406250003 0.8330705937499999 0.37961735625 0.71456346875
2 0.42268285 0.7179145203124999 0.4468049890625 0.7512849578125 0.55698636875 0.776637228125 0.475101428125 0.6419614625000001 0.43393524843750003 0.6286376921875 0.41335764375000006 0.6430828187500001 0.42268285 0.7179145203124999
2 0.4782543140625 0.4895336203125 0.4339023453125 0.5019956328124999 0.43373096718750004 0.6266909125 0.47802215156249994 0.64172265625 0.5138989453125 0.688858134375 0.5301039203125 0.5765962984375 0.518746865625 0.5245107953125 0.4782543140625 0.4895336203125
2 0.34080887031249996 0.6254527765625 0.3388985890625 0.593211471875 0.29616990468750004 0.5790337171875 0.258813325 0.5879785359375 0.2970697515625 0.6437551296875 0.34080887031249996 0.6254527765625
2 0.1424975546875 0.7427866640625 0.06880580625 0.7704102171875 0.22003180156250002 0.8640737609375 0.29937168125 0.8762398375 0.2738437078125 0.9972198796875 0.3680381828125 0.9961238281250001 0.36887816406249996 0.9490961921875 0.3365239765625 0.865348234375 0.261380328125 0.7949162703125 0.1424975546875 0.7427866640625
2 0.0713444921875 0.999576171875 0.164474728125 0.998492503125 0.178561709375 0.9882187609375 0.2516904296875 0.8850470859374999 0.068452075 0.97758675625 0.0713444921875 0.999576171875
2 0.069197453125 0.970653615625 0.239598965625 0.882108746875 0.2422436578125 0.8652028906250001 0.066254796875 0.8864643796875 0.069197453125 0.970653615625
2 0.20699068125000003 0.8661217796875 0.10630587968750001 0.790905928125 0.048973576562499996 0.7779222031249999 0.0520378 0.8071239296874999 0.106327815625 0.87533396875 0.20699068125000003 0.8661217796875
2 0.373627390625 0.9960587921874999 0.467859734375 0.9949622984375001 0.45167986875 0.9521435374999999 0.3658029734375 0.8776804421875 0.3636385921875 0.9132001296875 0.373627390625 0.9960587921874999
2 0.38998589687499996 0.8835571218749999 0.44597095312499996 0.9398476640625001 0.4801915515625 0.886980846875 0.47569735625 0.8441516453125001 0.43085411406249996 0.7957857984375 0.4050479046875 0.8165488828124999 0.38998589687499996 0.8835571218749999
2 0.455754534375 0.9488651562499999 0.5259005140624999 0.9942869328124999 0.5491273875 0.9940166640625 0.61742676875 0.9876787671875 0.5572953078125 0.9199463375000001 0.4905162328125 0.8871184187500001 0.455754534375 0.9488651562499999
2 0.4410462578125 0.8086968562499999 0.5321407859375 0.8346279734375001 0.5819973890625 0.8325150609374999 0.5965292640625 0.8166007609375001 0.5620824421874999 0.7830927562500001 0.4468049890625 0.7512849578125 0.4410462578125 0.8086968562499999
2 0.5171016453124999 0.46672252187499996 0.5639877109375 0.534556184375 0.6770290328125 0.5871634015625 0.6564294937499999 0.5171804875 0.5881487 0.456004821875 0.5307446437500001 0.4283008296875 0.5171016453124999 0.46672252187499996
2 0.7331196609374999 0.265474540625 0.6839257171875001 0.2037200296875 0.63685730625 0.218367628125 0.6386460281249999 0.3055964375 0.718129409375 0.3472030484375 0.7331196609374999 0.265474540625
2 0.5189570953125 0.28789372343749997 0.63644874375 0.21447406249999998 0.65830185625 0.1420018515625 0.625550071875 0.09657435156250001 0.5953931609375 0.10394876718749999 0.5192111890625 0.22013273125000002 0.5189570953125 0.28789372343749997
2 0.42061902343749996 0.094676928125 0.46477767343750004 0.122482159375 0.429331384375 0.163668284375 0.4712429359375 0.17005890937499998 0.5073628578125 0.1072193765625 0.50307294375 0.066336959375 0.4488546765625 0.012847184375000001 0.42061902343749996 0.094676928125
2 0.3415442046875 0.0569638828125 0.2662182046875 0.06901317968750001 0.2616024484375 0.08117148125 0.361337584375 0.161373690625 0.3919748046875 0.17261310624999998 0.418598140625 0.15963714843750001 0.40180819999999995 0.11192282499999999 0.3415442046875 0.0569638828125
2 0.7716959812499999 0.506774265625 0.7389551640625001 0.5035607843750001 0.7183775546875 0.5180059124999999 0.6954422546875 0.6082379640625 0.6599959640625 0.6494240890625 0.7517641171875 0.6537018015625 0.766908840625 0.64362785 0.7929691437499999 0.5551037734375 0.7716959812499999 0.506774265625
2 0.53683424375 0.5986260796875 0.6604653078125 0.6258239 0.69231725 0.6065299890625 0.5688795015625 0.539064928125 0.53683424375 0.5986260796875
2 0.8042105812499999 0.42361292656250005 0.7583678593750001 0.4499412140625 0.7589916718749999 0.497995578125 0.7857585078125 0.5144601609375 0.7950119609375 0.5745715953125 0.846166003125 0.5988596359375 0.8515052093750001 0.495340153125 0.8042105812499999 0.42361292656250005
2 0.699953365625 0.4547173296875 0.71841640625 0.40608411718750004 0.674533784375 0.3949459375 0.5895069171875 0.45491203281250003 0.644062 0.4975750984375 0.699953365625 0.4547173296875
2 0.5913116265625 0.8651327390624999 0.6212034671875 0.88330529375 0.623859128125 0.9086134593749999 0.6637996203125 0.9102565390624999 0.6851724140625 0.8191704968750001 0.606362659375 0.755910478125 0.5913116265625 0.8651327390624999
2 0.667973915625 0.7675626078125 0.6443211140625 0.7105919843749999 0.5856913734375 0.671207296875 0.53379195625 0.6538523953125 0.5209660796875 0.7000612125 0.54114609375 0.7239365421875 0.6056780671875 0.735349865625 0.6280334234375 0.76591953125 0.667973915625 0.7675626078125
2 0.6666545359375 0.6567336046875 0.5439013796875 0.6098291625 0.5371212421875 0.6575071546875 0.661712934375 0.7219326359375 0.73038035625 0.7025738203125 0.7637230515625 0.6694136281249999 0.739672659375 0.650763459375 0.6666545359375 0.6567336046875
2 0.8323018093749999 0.83168438125 0.7912791296874999 0.8478011484374999 0.7925157875 0.9016958624999999 0.830087615625 0.9369118437499999 0.804353153125 0.97239519375 0.8993788500000001 0.9656073968750001 0.8725900781249999 0.8647147765625001 0.8323018093749999 0.83168438125
2 0.786795903125 0.8471859687500001 0.8696474203125 0.7805255421874999 0.8364262921875 0.758698228125 0.7407987171875 0.8018597 0.7583340328125 0.8426408859375 0.786795903125 0.8471859687500001
2 0.7994782765624999 0.7715366109375 0.8182173468749999 0.7395704484375 0.7618347015625 0.7216003625 0.6844051046875 0.7416755953124999 0.7312194187500001 0.7947889906250001 0.7994782765624999 0.7715366109375
2 0.7462096703125 0.7130604828125 0.8035419750000001 0.7260442109375 0.820596978125 0.7482115640625 0.8616196578125 0.7320947953125 0.8081358 0.6294578640624999 0.7673174031250001 0.6475214171875 0.7462096703125 0.7130604828125
2 0.8191569624999999 0.173028334375 0.8333022109374999 0.23764851406249998 0.9465697515624999 0.3766305578125 0.9246618015625 0.23803266406249998 0.8487010265625001 0.1598135734375 0.8204434390625 0.1572152734375 0.8191569624999999 0.173028334375
2 0.851389590625 0.3117638 0.8197199953125001 0.2485764546875 0.7081694234375 0.18210295625 0.7058007578125001 0.2156758640625 0.7347539140625 0.2810487953125 0.851389590625 0.3117638
2 0.8840755687499999 0.10390718125000001 0.89567575 0.046017668750000004 0.8444609265624999 0.0492233796875 0.7571261812500001 0.1152686234375 0.817318428125 0.1555072984375 0.8840755687499999 0.10390718125000001
2 0.6964038046875001 0.126123890625 0.7030733515625001 0.1756474296875 0.8298403921874999 0.246767246875 0.8252744421875 0.189217775 0.7940851640625 0.144644259375 0.6985681890625 0.0906042078125 0.6964038046875001 0.126123890625
2 0.7533663984375 0.0232922625 0.698965784375 0.0522837484375 0.6998546578125 0.0747911453125 0.7504676046875 0.1079591078125 0.8268040453125 0.0634297 0.836913475 0.019406467187500002 0.7992808671875 0.0116842375 0.7533663984375 0.0232922625
2 0.39975944218750004 0.3310188609375 0.38420615625 0.3371992453125 0.38958923125 0.40253584375000007 0.4008027828125 0.4251808125 0.480275196875 0.4245734 0.5216456515625 0.43984395000000004 0.4802642296875 0.38235938125 0.39975944218750004 0.3310188609375
2 0.969090540625 0.5210688015625 0.9400048562500001 0.468469353125 0.8711829703125 0.4161736109375 0.8303645718749999 0.434237159375 0.833561325 0.4506654046875 0.8757489140624999 0.4737230796875 0.8696424 0.4997476625 0.8934885093749999 0.5164510484375 0.969090540625 0.5210688015625
2 0.8859191234375 0.402206096875 0.8512680234375001 0.3667513078125 0.7857863921875 0.3603243453125 0.7457133671875 0.371454753125 0.8254727828125 0.4297284109375 0.8859191234375 0.402206096875
2 0.7372880078125 0.36134446875 0.6486338921875 0.3165607109375 0.647286634375 0.35986752499999997 0.6665169843750001 0.3887292171875 0.7180078437499999 0.40219055312499996 0.7286802984375 0.43371544218749997 0.7890658640625 0.43368687499999997 0.7372880078125 0.36134446875
2 0.3967390875 0.47067321562500003 0.3605533609375 0.2802286234375 0.2776579734375 0.1780329671875 0.2616353453125 0.20781354375 0.27239052343750003 0.29627271875 0.3099842828125 0.415916740625 0.34687151250000003 0.4305721109375 0.34368572343750003 0.4563578890625 0.3967390875 0.47067321562500003
2 0.8933779124999999 0.6136525749999999 0.8728610874999999 0.6006039484375 0.8626081609374999 0.61518664375 0.8981810390625 0.7997908890625001 0.9299114203125001 0.8354844828125 0.9797680203124999 0.833371565625 0.9711772265624999 0.7093927046874999 0.8933779124999999 0.6136525749999999