0 0.12290947968749999 0.937161528125 0.0604741703125 0.9278802890625 0.027966284375 0.9611388281250001 0.0280298390625 0.9633230921875 0.5453734140625001 0.975954040625 0.669670453125 0.9701648125 0.5829428140624999 0.9517951171875 0.3500762484375 0.9287593765625 0.19667876875 0.9251846546875001 0.12290947968749999 0.937161528125
0 0.8768267156249999 0.9332083171875001 0.9131217062499999 0.89883591875 0.8448275046875 0.862026215625 0.7472109265625 0.8597513937500001 0.701172978125 0.876287640625 0.653478409375 0.8477842484375 0.5009559953125 0.8227076859375 0.121425915625 0.8021238484375001 0.023664253125 0.8132876109374999 0.025612421875000003 0.8802418421875 0.525743940625 0.8995914375 0.628742103125 0.9411230046875 0.7433129078125 0.9555323250000001 0.8768267156249999 0.9332083171875001
0 0.276414421875 0.766604309375 0.277846346875 0.7314194796875 0.2509900640625 0.7053582625 0.1729389515625 0.7368010218750001 0.16287778749999998 0.726783725 0.12421021406249999 0.733708896875 0.1335226171875 0.7192516609374999 0.11058319375 0.7255650703125001 0.0765156453125 0.70520550625 0.02094375625 0.7197902390625 0.0221773296875 0.76218539375 0.0770585453125 0.777611125 0.0809426109375 0.7679188046875 0.16429575937500002 0.77768750625 0.276414421875 0.766604309375
0 0.9017360796875 0.74987151875 0.8367690828125 0.7170524828125 0.6721171671875 0.7327811625 0.5685621453125 0.7049325843750001 0.436321159375 0.6959811874999999 0.42376110625 0.7044930390624999 0.42291884062499996 0.7680618328125 0.5619733375 0.7810851421875 0.6583966453125 0.812680659375 0.798167103125 0.8081115546875001 0.812828290625 0.7908441140625 0.89194636875 0.7760570359375001 0.9017360796875 0.74987151875
0 0.8993774484375001 0.636335684375 0.8309241437500001 0.60343540625 0.6906763765624999 0.6197327859375 0.6318864796875 0.60662336875 0.4331670140625 0.6019924796875 0.4254316875 0.663444071875 0.5733212765625 0.6737384203125 0.6452608859375 0.70671994375 0.7534159359375 0.7072837828125 0.7963653328125 0.6808927296875 0.8593575031249999 0.676490975 0.8967990046875001 0.6568195453125 0.8993774484375001 0.636335684375
0 0.2706629921875 0.56494390625 0.2899570046875 0.5624586796875 0.289526446875 0.5301652921875 0.2873925171875 0.49685393125 0.21929021249999997 0.49820175000000005 0.2423419859375 0.532000571875 0.2701528828125 0.5346052375 0.2706629921875 0.56494390625
0 0.7856021640625 0.6023792390625 0.9229204828125 0.5723176203125 0.9872650265624999 0.5346857468749999 0.9081937015625 0.5054511609375 0.600444125 0.5217582765625 0.44063089375000003 0.5043380749999999 0.42917060312500005 0.5715725625 0.7856021640625 0.6023792390625
0 1 0.4620847171875 0.9566977390625 0.4283188125 0.785789178125 0.42629258593749997 0.6369917218750001 0.3954331296875 0.4455630828125 0.3831458765625 0.43640978124999996 0.3936936890625 0.44067764531250003 0.46031641562500003 0.5331840921875 0.45953730000000004 0.5498201078125 0.47949064999999996 0.581037765625 0.48413126718750005 0.6581342609374999 0.4761450640625 0.7062265875 0.4948748890625 0.9360841531249999 0.5061011125 1 0.4781006921875 1 0.4620847171875
0 0.0559390375 0.310477796875 0.07792384218750001 0.327620940625 0.1196799671875 0.330550575 0.1410751140625 0.319309759375 0.1685678078125 0.3297332765625 0.16912466718750002 0.31605028281249997 0.189565196875 0.3282660234375 0.19004250625000002 0.3165377453125 0.2305258078125 0.3507427875 0.289952115625 0.34821450625 0.29630227656249997 0.2779260859375 0.237432821875 0.2667713765625 0.25260411718750003 0.279842609375 0.2123922703125 0.281840375 0.19551759375 0.2677511671875 0.1757462765625 0.281964675 0.1874312625 0.2949546578125 0.1332741875 0.29662745468749996 0.144879621875 0.3115721515625 0.12483685 0.28958285 0.11358242031250002 0.30888624375 0.083160278125 0.28469849687500004 0.0559390375 0.310477796875
0 1 0.3637920796875 0.957745865625 0.31681893437499997 0.7938894640624999 0.313000484375 0.7251179546875 0.28791905624999997 0.441819278125 0.2607732125 0.4440655578125 0.33419680937499996 0.5520615062500001 0.33867007656250003 0.593260771875 0.3552827046875 0.684222940625 0.34957618749999997 0.7350856078125 0.38597967187500004 0.821606859375 0.40364846718749997 0.9441048875 0.3947637203125 1 0.37070934375000003 1 0.3637920796875
0 0.28347077187499997 0.2502351265625 0.3064101921875 0.24392171562499998 0.310818315625 0.17847945625 0.30495942187499997 0.15095098906249999 0.14395291875 0.1628514828125 0.055873445312500006 0.22634389531250002 0.12595056875 0.262216865625 0.28347077187499997 0.2502351265625
0 0.8233053515625001 0.190422275 0.7237139390625 0.1509266609375 0.4465923625 0.14349043749999998 0.452404503125 0.2150405640625 0.7003300078125 0.2110353015625 0.7078922796875 0.23958174843750002 0.795400940625 0.27586093749999996 0.9592573421875 0.2796793890625 0.9789163109375 0.22535364531250002 0.9586348828125001 0.2092284796875 0.8233053515625001 0.190422275
0 0.3081414765625 0.072762471875 0.2560855390625 0.0656796796875 0.185882103125 0.07578308125 0.18897065156249998 0.085637890625 0.14745318125 0.076844115625 0.08853697968749999 0.1097110703125 0.1775571171875 0.108850715625 0.19197965156250002 0.0974474125 0.23270160781250002 0.1257883171875 0.2436378328125 0.11430377031250001 0.25005358437499997 0.12814925 0.30226863125 0.131322615625 0.3081414765625 0.072762471875
0 0.8984409734375 0.0591266703125 0.7621568187500001 0.06377701875 0.6025026875 0.042447395312500004 0.450092625 0.05748306875 0.45265711093750005 0.1230878140625 0.6519334359375 0.11403571562499999 0.7829811531249999 0.1523078046875 0.9617373890625001 0.132994675 0.980441746875 0.1021254859375 0.9296586250000001 0.0637672890625 0.8984409734375 0.0591266703125
0 0.0984718375 0.165704740625 0.30852528281249997 0.1490775171875 0.3186799515625 0.0710514890625 0.29475311249999997 0.0587545078125 0.0771701953125 0.08890223124999999 0.0291902171875 0.1102846421875 0.044951173437500005 0.1517398296875 0.0984718375 0.165704740625
0 0.0655089359375 0.41831197812500004 0.181305803125 0.445467553125 0.2997606671875 0.4501845515625 0.3068267921875 0.3623037140625 0.08354408125 0.36101354531249996 0.0655089359375 0.41831197812500004
0 0.19959844375 0.51046054375 0.17242395625 0.4922181765625 0.0353442921875 0.5164156546875 0.0385451890625 0.566382696875 0.07812062656249999 0.580022634375 0.189682428125 0.58262243125 0.19959844375 0.51046054375
0 0.2730355765625 0.5923911328125 0.1472103421875 0.5972852125 0.0180621578125 0.620756084375 0.0198851390625 0.683407909375 0.21327710312499998 0.688826878125 0.2802328890625 0.6727780890624999 0.2970419671875 0.6027334 0.2730355765625 0.5923911328125