2 0.48401515625 0.4805063625 0.3696855375 0.4237890453125 0.31593056875 0.42374603750000006 0.31353269375 0.4612581484375 0.39796861875 0.5359753125 0.396572121875 0.55570099375 0.4433988609375 0.6026191703125 0.5225684625 0.6388246546875 0.6485406546875 0.65127243125 0.84825926875 0.6235687140625 0.9557179140625 0.5788554609375 0.9857915453125001 0.44173716562500004 0.9923058828125001 0.21785392812499998 0.8914875500000001 0.35348335625 0.716734175 0.47104203437500003 0.5718503375 0.49992498124999996 0.48401515625 0.4805063625
2 0.47079805468749997 0.33942789375000004 0.368370446875 0.3658848734375 0.3552800875 0.3850808265625 0.3791413625 0.40312368593750003 0.42749730625 0.39748559375000003 0.4276541625 0.43533089843750006 0.524100646875 0.48971588906249996 0.636324928125 0.49240753125000003 0.72932385 0.4607392984375 0.8423142218749999 0.3888765609375 0.930653071875 0.3028494625 0.9924704140625 0.2121993609375 0.9976591390625 0.0338744359375 0.7954451328125 0.0075016109375 0.7394220093749999 0.1086926328125 0.625876671875 0.241201821875 0.47079805468749997 0.33942789375000004
2 0.8169660984375 0.757846740625 0.8015592640625 0.7369249531250001 0.78954870625 0.757257125 0.7848615 0.7287748828125 0.769005275 0.7615455796874999 0.8138051109375001 0.7733607328125001 0.793156109375 0.7846031531250001 0.8178197828125 0.7932922359375 0.8670352343750001 0.7116210749999999 0.8720934093749999 0.6674881859374999 0.8283733796874999 0.65680925 0.8169660984375 0.757846740625
2 0.3402233578125 0.96741141875 0.43406507968749997 0.978427878125 0.5864595671874999 0.971329990625 0.8211043046875 0.6538704328125 0.8055919093749999 0.6399026125 0.5808266515625 0.6553812234375 0.3402233578125 0.96741141875
2 0.4925963453125 0.637901853125 0.42767533750000003 0.6025592843750001 0.389987725 0.5558376421875 0.322011296875 0.5290551031249999 0.26872689843750003 0.6425479984375 0.227606928125 0.8701065218749999 0.28259856562499996 0.9091310515625001 0.3019023515625 0.9624135796875001 0.3365888171875 0.9659420093750001 0.48047724374999995 0.761740490625 0.4872999046875 0.7218192906249999 0.4925963453125 0.637901853125
2 0.5357128078125 0 0.47301492187500005 0.1933945953125 0.38175036875 0.3517036390625 0.4454347125 0.3480646890625 0.48781251562500005 0.3267160671875 0.6554023765625 0.1992646046875 0.7376575203125 0.1044809453125 0.7903356640625 0.0068352328125 0.736253471875 0 0.5357128078125 0
2 0.276243184375 0.316044759375 0.3182771546875 0.341434659375 0.3811712546875 0.341674203125 0.45600045937499994 0.20610642656249997 0.454263109375 0.1760181203125 0.41670521562499996 0.1930183984375 0.3779890921875 0.1899598125 0.1823031234375 0.12064118593749999 0.23529498124999998 0.098686075 0.17843329531250002 0.062403828125000005 0.11416983437499999 0.05601334375 0.0828554890625 0.0230629875 0.090724859375 0.20325962656250002 0.12309187343750001 0.26322281875 0.19762556250000002 0.315745328125 0.276243184375 0.316044759375
2 0 0.4494100125 0.04375646875 0.478829534375 0.11075865625 0.49752189375 0.2363357265625 0.511908921875 0.2925669984375 0.493362465625 0.277476865625 0.45157877968750004 0.22364346875000002 0.43261312343749997 0.19193399687499998 0.401602015625 0.1980719734375 0.3586053421875 0.10189089375 0.23855918437499998 0.0580954203125 0.112405096875 0 0.41508006406250003 0 0.4494100125
2 0 0.8088519375000001 0.0539935984375 0.7439431812499999 0.20580566562499997 0.6681850671875 0.207491721875 0.6534741046875 0.1792056578125 0.6378403390625 0.161506515625 0.6474766984375 0.1479697375 0.6238126328125 0.116127565625 0.6256321078125 0.0047176843750000004 0.6897378484375001 0 0.69420839375 0 0.8088519375000001
2 0 0.9223668390625 0.17161094062499999 0.945420925 0.2431223078125 0.7875218375 0.2379886875 0.716179578125 0.16184736875 0.6972906859375 0.0594981875 0.7426703125 0 0.8133828734374999 0 0.9223668390625
2 0 0.693336890625 0.0269471796875 0.670738434375 0.10891276093749999 0.57094005625 0.056659857812500006 0.5442174015625 0 0.5622022671875 0 0.693336890625
2 0.5000160078125 0.028695073437500003 0.4892179625 0.01733288125 0.4585340203125 0.0392112265625 0.371250821875 0.0556986609375 0.265321371875 0.047855646875000005 0.2140427125 0.029223175 0.1789339875 0.053510609375 0.301769346875 0.15214826406249998 0.41083264062499997 0.170353903125 0.48465749062499996 0.14912505781250002 0.522824615625 0.01972509375 0.5000160078125 0.028695073437500003
2 0.7673013546874999 0.9629071484375 0.8888162046874999 0.9572475046875001 0.9431252593749999 0.6857107 0.9102032812499999 0.6863939593749999 0.8330576031250001 0.78184399375 0.7673013546874999 0.9629071484375